***Zigbee协调器传来的各个节点RSSI信息***
接收时间,接收节点编号，发送节点0，1，2，3，4，5，6，7，8，9，10，11，12，13
4.8934, 1, 0, 0, 0, 0, 0, 0, 0, 0, 0, 0, 0, 0,45,
4.9081,13,47, 0, 0, 0, 0, 0, 0, 0, 0, 0, 0, 0, 0,
5.1426, 1, 0, 0, 0, 0, 0, 0, 0, 0, 0, 0, 0, 0,45,
5.3878, 1, 0, 0, 0, 0, 0, 0, 0, 0, 0, 0, 0, 0,45,
5.4110,13,47, 0, 0, 0, 0, 0, 0, 0, 0, 0, 0, 0, 0,
5.6439, 1, 0, 0, 0, 0, 0, 0, 0, 0, 0, 0, 0, 0,45,
5.8913, 1, 0, 0, 0, 0, 0, 0, 0, 0, 0, 0, 0, 0,45,
5.9122,13,47, 0, 0, 0, 0, 0, 0, 0, 0, 0, 0, 0, 0,
6.1418, 1, 0, 0, 0, 0, 0, 0, 0, 0, 0, 0, 0, 0,45,
6.1616,13,47, 0, 0, 0, 0, 0, 0, 0, 0, 0, 0, 0, 0,
6.4129,13,47, 0, 0, 0, 0, 0, 0, 0, 0, 0, 0, 0, 0,
6.6583,13,47, 0, 0, 0, 0, 0, 0, 0, 0, 0, 0, 0, 0,
7.1370, 1, 0, 0, 0, 0, 0, 0, 0, 0, 0, 0, 0, 0,45,
7.3833, 1, 0, 0, 0, 0, 0, 0, 0, 0, 0, 0, 0, 0,43,
7.4102,13,43, 0, 0, 0, 0, 0, 0, 0, 0, 0, 0, 0, 0,
7.6416, 1, 0, 0, 0, 0, 0, 0, 0, 0, 0, 0, 0, 0,42,
7.8899, 1, 0, 0, 0, 0, 0, 0, 0, 0, 0, 0, 0, 0,42,
7.9093,13,46, 0, 0, 0, 0, 0, 0, 0, 0, 0, 0, 0, 0,
8.1387, 1, 0, 0, 0, 0, 0, 0, 0, 0, 0, 0, 0, 0,45,
8.3862, 1, 0, 0, 0, 0, 0, 0, 0, 0, 0, 0, 0, 0,45,
8.4091,13,46, 0, 0, 0, 0, 0, 0, 0, 0, 0, 0, 0, 0,
8.6416, 1, 0, 0, 0, 0, 0, 0, 0, 0, 0, 0, 0, 0,44,
8.8880, 1, 0, 0, 0, 0, 0, 0, 0, 0, 0, 0, 0, 0,44,
8.9099,13,48, 0, 0, 0, 0, 0, 0, 0, 0, 0, 0, 0, 0,
9.1403, 1, 0, 0, 0, 0, 0, 0, 0, 0, 0, 0, 0, 0,47,
9.1603,13,50, 0, 0, 0, 0, 0, 0, 0, 0, 0, 0, 0, 0,
9.4096,13,50, 0, 0, 0, 0, 0, 0, 0, 0, 0, 0, 0, 0,
9.6579,13,50, 0, 0, 0, 0, 0, 0, 0, 0, 0, 0, 0, 0,
9.9262,13,50, 0, 0, 0, 0, 0, 0, 0, 0, 0, 0, 0, 0,
10.1336, 1, 0, 0, 0, 0, 0, 0, 0, 0, 0, 0, 0, 0,49,
10.1575,13,51, 0, 0, 0, 0, 0, 0, 0, 0, 0, 0, 0, 0,
10.3831, 1, 0, 0, 0, 0, 0, 0, 0, 0, 0, 0, 0, 0,49,
10.4061,13,51, 0, 0, 0, 0, 0, 0, 0, 0, 0, 0, 0, 0,
10.6385, 1, 0, 0, 0, 0, 0, 0, 0, 0, 0, 0, 0, 0,49,
10.8829, 1, 0, 0, 0, 0, 0, 0, 0, 0, 0, 0, 0, 0,49,
10.9068,13,51, 0, 0, 0, 0, 0, 0, 0, 0, 0, 0, 0, 0,
11.1382, 1, 0, 0, 0, 0, 0, 0, 0, 0, 0, 0, 0, 0,49,
11.4026, 1, 0, 0, 0, 0, 0, 0, 0, 0, 0, 0, 0, 0,49,
11.4084,13,50, 0, 0, 0, 0, 0, 0, 0, 0, 0, 0, 0, 0,
11.6540, 1, 0, 0, 0, 0, 0, 0, 0, 0, 0, 0, 0, 0,49,
11.9024, 1, 0, 0, 0, 0, 0, 0, 0, 0, 0, 0, 0, 0,49,
11.9082,13,50, 0, 0, 0, 0, 0, 0, 0, 0, 0, 0, 0, 0,
12.1387, 1, 0, 0, 0, 0, 0, 0, 0, 0, 0, 0, 0, 0,49,
12.1595,13,49, 0, 0, 0, 0, 0, 0, 0, 0, 0, 0, 0, 0,
12.6583,13,49, 0, 0, 0, 0, 0, 0, 0, 0, 0, 0, 0, 0,
12.9276,13,49, 0, 0, 0, 0, 0, 0, 0, 0, 0, 0, 0, 0,
13.1331, 1, 0, 0, 0, 0, 0, 0, 0, 0, 0, 0, 0, 0,48,
13.1640,13,49, 0, 0, 0, 0, 0, 0, 0, 0, 0, 0, 0, 0,
13.3935, 1, 0, 0, 0, 0, 0, 0, 0, 0, 0, 0, 0, 0,48,
13.4143,13,49, 0, 0, 0, 0, 0, 0, 0, 0, 0, 0, 0, 0,
13.6458, 1, 0, 0, 0, 0, 0, 0, 0, 0, 0, 0, 0, 0,48,
13.8926, 1, 0, 0, 0, 0, 0, 0, 0, 0, 0, 0, 0, 0,48,
13.9134,13,49, 0, 0, 0, 0, 0, 0, 0, 0, 0, 0, 0, 0,
14.1441, 1, 0, 0, 0, 0, 0, 0, 0, 0, 0, 0, 0, 0,48,
14.3876, 1, 0, 0, 0, 0, 0, 0, 0, 0, 0, 0, 0, 0,48,
14.4075,13,49, 0, 0, 0, 0, 0, 0, 0, 0, 0, 0, 0, 0,
14.6379, 1, 0, 0, 0, 0, 0, 0, 0, 0, 0, 0, 0, 0,47,
14.8843, 1, 0, 0, 0, 0, 0, 0, 0, 0, 0, 0, 0, 0,47,
14.9079,13,49, 0, 0, 0, 0, 0, 0, 0, 0, 0, 0, 0, 0,
15.1375, 1, 0, 0, 0, 0, 0, 0, 0, 0, 0, 0, 0, 0,47,
15.6723,13,49, 0, 0, 0, 0, 0, 0, 0, 0, 0, 0, 0, 0,
15.9208,13,49, 0, 0, 0, 0, 0, 0, 0, 0, 0, 0, 0, 0,
16.1442, 1, 0, 0, 0, 0, 0, 0, 0, 0, 0, 0, 0, 0,47,
16.1651,13,49, 0, 0, 0, 0, 0, 0, 0, 0, 0, 0, 0, 0,
16.3929, 1, 0, 0, 0, 0, 0, 0, 0, 0, 0, 0, 0, 0,48,
16.4128,13,49, 0, 0, 0, 0, 0, 0, 0, 0, 0, 0, 0, 0,
16.6432, 1, 0, 0, 0, 0, 0, 0, 0, 0, 0, 0, 0, 0,47,
16.8886, 1, 0, 0, 0, 0, 0, 0, 0, 0, 0, 0, 0, 0,47,
16.9204,13,49, 0, 0, 0, 0, 0, 0, 0, 0, 0, 0, 0, 0,
17.1491, 1, 0, 0, 0, 0, 0, 0, 0, 0, 0, 0, 0, 0,48,
17.3927, 1, 0, 0, 0, 0, 0, 0, 0, 0, 0, 0, 0, 0,48,
17.4136,13,49, 0, 0, 0, 0, 0, 0, 0, 0, 0, 0, 0, 0,
17.6450, 1, 0, 0, 0, 0, 0, 0, 0, 0, 0, 0, 0, 0,48,
17.8905, 1, 0, 0, 0, 0, 0, 0, 0, 0, 0, 0, 0, 0,48,
17.9096,13,49, 0, 0, 0, 0, 0, 0, 0, 0, 0, 0, 0, 0,
18.1410, 1, 0, 0, 0, 0, 0, 0, 0, 0, 0, 0, 0, 0,47,
18.6587,13,49, 0, 0, 0, 0, 0, 0, 0, 0, 0, 0, 0, 0,
18.9251,13,49, 0, 0, 0, 0, 0, 0, 0, 0, 0, 0, 0, 0,
19.1505, 1, 0, 0, 0, 0, 0, 0, 0, 0, 0, 0, 0, 0,47,
19.3978, 1, 0, 0, 0, 0, 0, 0, 0, 0, 0, 0, 0, 0,47,
19.4168,13,48, 0, 0, 0, 0, 0, 0, 0, 0, 0, 0, 0, 0,
19.6462, 1, 0, 0, 0, 0, 0, 0, 0, 0, 0, 0, 0, 0,47,
19.8897, 1, 0, 0, 0, 0, 0, 0, 0, 0, 0, 0, 0, 0,47,
20.1350, 1, 0, 0, 0, 0, 0, 0, 0, 0, 0, 0, 0, 0,48,
20.4013, 1, 0, 0, 0, 0, 0, 0, 0, 0, 0, 0, 0, 0,48,
20.4223,13,49, 0, 0, 0, 0, 0, 0, 0, 0, 0, 0, 0, 0,
20.6526, 1, 0, 0, 0, 0, 0, 0, 0, 0, 0, 0, 0, 0,48,
20.8961, 1, 0, 0, 0, 0, 0, 0, 0, 0, 0, 0, 0, 0,48,
20.9173,13,49, 0, 0, 0, 0, 0, 0, 0, 0, 0, 0, 0, 0,
21.1438, 1, 0, 0, 0, 0, 0, 0, 0, 0, 0, 0, 0, 0,48,
21.4102,13,49, 0, 0, 0, 0, 0, 0, 0, 0, 0, 0, 0, 0,
21.6754,13,49, 0, 0, 0, 0, 0, 0, 0, 0, 0, 0, 0, 0,
21.9208,13,49, 0, 0, 0, 0, 0, 0, 0, 0, 0, 0, 0, 0,
22.1425, 1, 0, 0, 0, 0, 0, 0, 0, 0, 0, 0, 0, 0,48,
22.1634,13,49, 0, 0, 0, 0, 0, 0, 0, 0, 0, 0, 0, 0,
22.3908, 1, 0, 0, 0, 0, 0, 0, 0, 0, 0, 0, 0, 0,48,
22.4117,13,49, 0, 0, 0, 0, 0, 0, 0, 0, 0, 0, 0, 0,
22.6432, 1, 0, 0, 0, 0, 0, 0, 0, 0, 0, 0, 0, 0,48,
22.8895, 1, 0, 0, 0, 0, 0, 0, 0, 0, 0, 0, 0, 0,48,
22.9174,13,49, 0, 0, 0, 0, 0, 0, 0, 0, 0, 0, 0, 0,
23.1458, 1, 0, 0, 0, 0, 0, 0, 0, 0, 0, 0, 0, 0,48,
23.3913, 1, 0, 0, 0, 0, 0, 0, 0, 0, 0, 0, 0, 0,48,
23.4122,13,49, 0, 0, 0, 0, 0, 0, 0, 0, 0, 0, 0, 0,
23.6397, 1, 0, 0, 0, 0, 0, 0, 0, 0, 0, 0, 0, 0,48,
23.8842, 1, 0, 0, 0, 0, 0, 0, 0, 0, 0, 0, 0, 0,48,
24.1484, 1, 0, 0, 0, 0, 0, 0, 0, 0, 0, 0, 0, 0,48,
24.6640,13,49, 0, 0, 0, 0, 0, 0, 0, 0, 0, 0, 0, 0,
25.3918, 1, 0, 0, 0, 0, 0, 0, 0, 0, 0, 0, 0, 0,48,
25.4127,13,49, 0, 0, 0, 0, 0, 0, 0, 0, 0, 0, 0, 0,
25.6411, 1, 0, 0, 0, 0, 0, 0, 0, 0, 0, 0, 0, 0,48,
25.8876, 1, 0, 0, 0, 0, 0, 0, 0, 0, 0, 0, 0, 0,48,
25.9084,13,49, 0, 0, 0, 0, 0, 0, 0, 0, 0, 0, 0, 0,
26.1340, 1, 0, 0, 0, 0, 0, 0, 0, 0, 0, 0, 0, 0,48,
26.4017, 1, 0, 0, 0, 0, 0, 0, 0, 0, 0, 0, 0, 0,48,
26.4095,13,49, 0, 0, 0, 0, 0, 0, 0, 0, 0, 0, 0, 0,
26.6410, 1, 0, 0, 0, 0, 0, 0, 0, 0, 0, 0, 0, 0,48,
26.8853, 1, 0, 0, 0, 0, 0, 0, 0, 0, 0, 0, 0, 0,48,
27.4219,13,49, 0, 0, 0, 0, 0, 0, 0, 0, 0, 0, 0, 0,
27.6683,13,49, 0, 0, 0, 0, 0, 0, 0, 0, 0, 0, 0, 0,
27.9177,13,49, 0, 0, 0, 0, 0, 0, 0, 0, 0, 0, 0, 0,
28.1401, 1, 0, 0, 0, 0, 0, 0, 0, 0, 0, 0, 0, 0,48,
28.1610,13,49, 0, 0, 0, 0, 0, 0, 0, 0, 0, 0, 0, 0,
28.3925, 1, 0, 0, 0, 0, 0, 0, 0, 0, 0, 0, 0, 0,48,
28.6368, 1, 0, 0, 0, 0, 0, 0, 0, 0, 0, 0, 0, 0,48,
28.9013, 1, 0, 0, 0, 0, 0, 0, 0, 0, 0, 0, 0, 0,48,
28.9072,13,49, 0, 0, 0, 0, 0, 0, 0, 0, 0, 0, 0, 0,
29.1596, 1, 0, 0, 0, 0, 0, 0, 0, 0, 0, 0, 0, 0,48,
29.3842, 1, 0, 0, 0, 0, 0, 0, 0, 0, 0, 0, 0, 0,48,
29.4072,13,49, 0, 0, 0, 0, 0, 0, 0, 0, 0, 0, 0, 0,
29.6366, 1, 0, 0, 0, 0, 0, 0, 0, 0, 0, 0, 0, 0,48,
29.9040, 1, 0, 0, 0, 0, 0, 0, 0, 0, 0, 0, 0, 0,48,
29.9098,13,49, 0, 0, 0, 0, 0, 0, 0, 0, 0, 0, 0, 0,
30.1423, 1, 0, 0, 0, 0, 0, 0, 0, 0, 0, 0, 0, 0,48,
30.1622,13,49, 0, 0, 0, 0, 0, 0, 0, 0, 0, 0, 0, 0,
30.4136,13,49, 0, 0, 0, 0, 0, 0, 0, 0, 0, 0, 0, 0,
30.9103,13,49, 0, 0, 0, 0, 0, 0, 0, 0, 0, 0, 0, 0,
31.1527, 1, 0, 0, 0, 0, 0, 0, 0, 0, 0, 0, 0, 0,48,
31.1585,13,49, 0, 0, 0, 0, 0, 0, 0, 0, 0, 0, 0, 0,
31.3871, 1, 0, 0, 0, 0, 0, 0, 0, 0, 0, 0, 0, 0,48,
31.4100,13,49, 0, 0, 0, 0, 0, 0, 0, 0, 0, 0, 0, 0,
31.6394, 1, 0, 0, 0, 0, 0, 0, 0, 0, 0, 0, 0, 0,48,
31.8847, 1, 0, 0, 0, 0, 0, 0, 0, 0, 0, 0, 0, 0,48,
32.1351, 1, 0, 0, 0, 0, 0, 0, 0, 0, 0, 0, 0, 0,48,
32.3995, 1, 0, 0, 0, 0, 0, 0, 0, 0, 0, 0, 0, 0,48,
32.4204,13,50, 0, 0, 0, 0, 0, 0, 0, 0, 0, 0, 0, 0,
32.6469, 1, 0, 0, 0, 0, 0, 0, 0, 0, 0, 0, 0, 0,48,
32.8952, 1, 0, 0, 0, 0, 0, 0, 0, 0, 0, 0, 0, 0,48,
32.9161,13,49, 0, 0, 0, 0, 0, 0, 0, 0, 0, 0, 0, 0,
33.1427, 1, 0, 0, 0, 0, 0, 0, 0, 0, 0, 0, 0, 0,48,
33.4071,13,49, 0, 0, 0, 0, 0, 0, 0, 0, 0, 0, 0, 0,
33.6755,13,49, 0, 0, 0, 0, 0, 0, 0, 0, 0, 0, 0, 0,
33.9198,13,49, 0, 0, 0, 0, 0, 0, 0, 0, 0, 0, 0, 0,
34.1412, 1, 0, 0, 0, 0, 0, 0, 0, 0, 0, 0, 0, 0,48,
34.3867, 1, 0, 0, 0, 0, 0, 0, 0, 0, 0, 0, 0, 0,48,
34.6519, 1, 0, 0, 0, 0, 0, 0, 0, 0, 0, 0, 0, 0,48,
34.8974, 1, 0, 0, 0, 0, 0, 0, 0, 0, 0, 0, 0, 0,48,
35.1435, 1, 0, 0, 0, 0, 0, 0, 0, 0, 0, 0, 0, 0,48,
35.3869, 1, 0, 0, 0, 0, 0, 0, 0, 0, 0, 0, 0, 0,48,
35.4077,13,49, 0, 0, 0, 0, 0, 0, 0, 0, 0, 0, 0, 0,
35.6392, 1, 0, 0, 0, 0, 0, 0, 0, 0, 0, 0, 0, 0,48,
35.8866, 1, 0, 0, 0, 0, 0, 0, 0, 0, 0, 0, 0, 0,48,
35.9076,13,49, 0, 0, 0, 0, 0, 0, 0, 0, 0, 0, 0, 0,
36.1369, 1, 0, 0, 0, 0, 0, 0, 0, 0, 0, 0, 0, 0,48,
36.1578,13,49, 0, 0, 0, 0, 0, 0, 0, 0, 0, 0, 0, 0,
36.4102,13,49, 0, 0, 0, 0, 0, 0, 0, 0, 0, 0, 0, 0,
36.6745,13,49, 0, 0, 0, 0, 0, 0, 0, 0, 0, 0, 0, 0,
36.9219,13,49, 0, 0, 0, 0, 0, 0, 0, 0, 0, 0, 0, 0,
37.1463, 1, 0, 0, 0, 0, 0, 0, 0, 0, 0, 0, 0, 0,48,
37.1693,13,49, 0, 0, 0, 0, 0, 0, 0, 0, 0, 0, 0, 0,
37.4007, 1, 0, 0, 0, 0, 0, 0, 0, 0, 0, 0, 0, 0,48,
37.4216,13,49, 0, 0, 0, 0, 0, 0, 0, 0, 0, 0, 0, 0,
37.6341, 1, 0, 0, 0, 0, 0, 0, 0, 0, 0, 0, 0, 0,48,
37.9014, 1, 0, 0, 0, 0, 0, 0, 0, 0, 0, 0, 0, 0,48,
37.9084,13,49, 0, 0, 0, 0, 0, 0, 0, 0, 0, 0, 0, 0,
38.1358, 1, 0, 0, 0, 0, 0, 0, 0, 0, 0, 0, 0, 0,48,
38.3841, 1, 0, 0, 0, 0, 0, 0, 0, 0, 0, 0, 0, 0,48,
38.4081,13,49, 0, 0, 0, 0, 0, 0, 0, 0, 0, 0, 0, 0,
38.6345, 1, 0, 0, 0, 0, 0, 0, 0, 0, 0, 0, 0, 0,48,
38.9011, 1, 0, 0, 0, 0, 0, 0, 0, 0, 0, 0, 0, 0,48,
38.9200,13,49, 0, 0, 0, 0, 0, 0, 0, 0, 0, 0, 0, 0,
39.1484, 1, 0, 0, 0, 0, 0, 0, 0, 0, 0, 0, 0, 0,48,
39.1683,13,49, 0, 0, 0, 0, 0, 0, 0, 0, 0, 0, 0, 0,
39.4188,13,49, 0, 0, 0, 0, 0, 0, 0, 0, 0, 0, 0, 0,
39.6671,13,49, 0, 0, 0, 0, 0, 0, 0, 0, 0, 0, 0, 0,
39.9075,13,49, 0, 0, 0, 0, 0, 0, 0, 0, 0, 0, 0, 0,
40.1539, 1, 0, 0, 0, 0, 0, 0, 0, 0, 0, 0, 0, 0,48,
40.1598,13,49, 0, 0, 0, 0, 0, 0, 0, 0, 0, 0, 0, 0,
40.3893, 1, 0, 0, 0, 0, 0, 0, 0, 0, 0, 0, 0, 0,48,
40.4113,13,49, 0, 0, 0, 0, 0, 0, 0, 0, 0, 0, 0, 0,
40.6396, 1, 0, 0, 0, 0, 0, 0, 0, 0, 0, 0, 0, 0,48,
40.9059, 1, 0, 0, 0, 0, 0, 0, 0, 0, 0, 0, 0, 0,48,
40.9248,13,49, 0, 0, 0, 0, 0, 0, 0, 0, 0, 0, 0, 0,
41.1522, 1, 0, 0, 0, 0, 0, 0, 0, 0, 0, 0, 0, 0,48,
41.4045, 1, 0, 0, 0, 0, 0, 0, 0, 0, 0, 0, 0, 0,48,
41.4050,13,49, 0, 0, 0, 0, 0, 0, 0, 0, 0, 0, 0, 0,
41.6529, 1, 0, 0, 0, 0, 0, 0, 0, 0, 0, 0, 0, 0,48,
41.8843, 1, 0, 0, 0, 0, 0, 0, 0, 0, 0, 0, 0, 0,48,
41.9091,13,50, 0, 0, 0, 0, 0, 0, 0, 0, 0, 0, 0, 0,
42.1396, 1, 0, 0, 0, 0, 0, 0, 0, 0, 0, 0, 0, 0,48,
42.1597,13,49, 0, 0, 0, 0, 0, 0, 0, 0, 0, 0, 0, 0,
42.4098,13,49, 0, 0, 0, 0, 0, 0, 0, 0, 0, 0, 0, 0,
42.6753,13,49, 0, 0, 0, 0, 0, 0, 0, 0, 0, 0, 0, 0,
42.9206,13,49, 0, 0, 0, 0, 0, 0, 0, 0, 0, 0, 0, 0,
43.1661, 1, 0, 0, 0, 0, 0, 0, 0, 0, 0, 0, 0, 0,48,
43.1666,13,49, 0, 0, 0, 0, 0, 0, 0, 0, 0, 0, 0, 0,
43.3915, 1, 0, 0, 0, 0, 0, 0, 0, 0, 0, 0, 0, 0,48,
43.4114,13,49, 0, 0, 0, 0, 0, 0, 0, 0, 0, 0, 0, 0,
43.6388, 1, 0, 0, 0, 0, 0, 0, 0, 0, 0, 0, 0, 0,48,
43.9053, 1, 0, 0, 0, 0, 0, 0, 0, 0, 0, 0, 0, 0,48,
43.9057,13,49, 0, 0, 0, 0, 0, 0, 0, 0, 0, 0, 0, 0,
44.1367, 1, 0, 0, 0, 0, 0, 0, 0, 0, 0, 0, 0, 0,48,
44.4011, 1, 0, 0, 0, 0, 0, 0, 0, 0, 0, 0, 0, 0,48,
44.4209,13,49, 0, 0, 0, 0, 0, 0, 0, 0, 0, 0, 0, 0,
44.6495, 1, 0, 0, 0, 0, 0, 0, 0, 0, 0, 0, 0, 0,48,
44.8948, 1, 0, 0, 0, 0, 0, 0, 0, 0, 0, 0, 0, 0,48,
44.9168,13,49, 0, 0, 0, 0, 0, 0, 0, 0, 0, 0, 0, 0,
45.1433, 1, 0, 0, 0, 0, 0, 0, 0, 0, 0, 0, 0, 0,48,
45.1642,13,49, 0, 0, 0, 0, 0, 0, 0, 0, 0, 0, 0, 0,
45.6650,13,49, 0, 0, 0, 0, 0, 0, 0, 0, 0, 0, 0, 0,
45.9093,13,49, 0, 0, 0, 0, 0, 0, 0, 0, 0, 0, 0, 0,
46.1556, 1, 0, 0, 0, 0, 0, 0, 0, 0, 0, 0, 0, 0,48,
46.1765,13,49, 0, 0, 0, 0, 0, 0, 0, 0, 0, 0, 0, 0,
46.4050, 1, 0, 0, 0, 0, 0, 0, 0, 0, 0, 0, 0, 0,48,
46.4079,13,50, 0, 0, 0, 0, 0, 0, 0, 0, 0, 0, 0, 0,
46.6374, 1, 0, 0, 0, 0, 0, 0, 0, 0, 0, 0, 0, 0,48,
46.9037, 1, 0, 0, 0, 0, 0, 0, 0, 0, 0, 0, 0, 0,48,
46.9128,13,49, 0, 0, 0, 0, 0, 0, 0, 0, 0, 0, 0, 0,
47.1392, 1, 0, 0, 0, 0, 0, 0, 0, 0, 0, 0, 0, 0,48,
47.4065, 1, 0, 0, 0, 0, 0, 0, 0, 0, 0, 0, 0, 0,48,
47.4273,13,49, 0, 0, 0, 0, 0, 0, 0, 0, 0, 0, 0, 0,
47.6508, 1, 0, 0, 0, 0, 0, 0, 0, 0, 0, 0, 0, 0,48,
47.8982, 1, 0, 0, 0, 0, 0, 0, 0, 0, 0, 0, 0, 0,48,
48.1435, 1, 0, 0, 0, 0, 0, 0, 0, 0, 0, 0, 0, 0,48,
48.1636,13,49, 0, 0, 0, 0, 0, 0, 0, 0, 0, 0, 0, 0,
48.4169,13,49, 0, 0, 0, 0, 0, 0, 0, 0, 0, 0, 0, 0,
48.6623,13,49, 0, 0, 0, 0, 0, 0, 0, 0, 0, 0, 0, 0,
48.9247,13,49, 0, 0, 0, 0, 0, 0, 0, 0, 0, 0, 0, 0,
49.1491, 1, 0, 0, 0, 0, 0, 0, 0, 0, 0, 0, 0, 0,48,
49.1700,13,49, 0, 0, 0, 0, 0, 0, 0, 0, 0, 0, 0, 0,
49.4016, 1, 0, 0, 0, 0, 0, 0, 0, 0, 0, 0, 0, 0,48,
49.4214,13,49, 0, 0, 0, 0, 0, 0, 0, 0, 0, 0, 0, 0,
49.6478, 1, 0, 0, 0, 0, 0, 0, 0, 0, 0, 0, 0, 0,48,
49.8962, 1, 0, 0, 0, 0, 0, 0, 0, 0, 0, 0, 0, 0,48,
49.9170,13,49, 0, 0, 0, 0, 0, 0, 0, 0, 0, 0, 0, 0,
50.1485, 1, 0, 0, 0, 0, 0, 0, 0, 0, 0, 0, 0, 0,48,
50.3948, 1, 0, 0, 0, 0, 0, 0, 0, 0, 0, 0, 0, 0,48,
50.4157,13,49, 0, 0, 0, 0, 0, 0, 0, 0, 0, 0, 0, 0,
50.6481, 1, 0, 0, 0, 0, 0, 0, 0, 0, 0, 0, 0, 0,48,
50.8926, 1, 0, 0, 0, 0, 0, 0, 0, 0, 0, 0, 0, 0,48,
50.9115,13,49, 0, 0, 0, 0, 0, 0, 0, 0, 0, 0, 0, 0,
51.1390, 1, 0, 0, 0, 0, 0, 0, 0, 0, 0, 0, 0, 0,48,
51.1629,13,49, 0, 0, 0, 0, 0, 0, 0, 0, 0, 0, 0, 0,
51.4153,13,49, 0, 0, 0, 0, 0, 0, 0, 0, 0, 0, 0, 0,
51.6809,13,49, 0, 0, 0, 0, 0, 0, 0, 0, 0, 0, 0, 0,
51.9217,13,49, 0, 0, 0, 0, 0, 0, 0, 0, 0, 0, 0, 0,
52.1501, 1, 0, 0, 0, 0, 0, 0, 0, 0, 0, 0, 0, 0,48,
52.1710,13,49, 0, 0, 0, 0, 0, 0, 0, 0, 0, 0, 0, 0,
52.4025, 1, 0, 0, 0, 0, 0, 0, 0, 0, 0, 0, 0, 0,48,
52.4233,13,49, 0, 0, 0, 0, 0, 0, 0, 0, 0, 0, 0, 0,
52.6538, 1, 0, 0, 0, 0, 0, 0, 0, 0, 0, 0, 0, 0,48,
52.9031, 1, 0, 0, 0, 0, 0, 0, 0, 0, 0, 0, 0, 0,48,
52.9227,13,49, 0, 0, 0, 0, 0, 0, 0, 0, 0, 0, 0, 0,
53.1512, 1, 0, 0, 0, 0, 0, 0, 0, 0, 0, 0, 0, 0,48,
53.3945, 1, 0, 0, 0, 0, 0, 0, 0, 0, 0, 0, 0, 0,48,
53.4164,13,49, 0, 0, 0, 0, 0, 0, 0, 0, 0, 0, 0, 0,
53.6448, 1, 0, 0, 0, 0, 0, 0, 0, 0, 0, 0, 0, 0,48,
53.8896, 1, 0, 0, 0, 0, 0, 0, 0, 0, 0, 0, 0, 0,48,
53.9104,13,49, 0, 0, 0, 0, 0, 0, 0, 0, 0, 0, 0, 0,
54.1421, 1, 0, 0, 0, 0, 0, 0, 0, 0, 0, 0, 0, 0,48,
54.1640,13,49, 0, 0, 0, 0, 0, 0, 0, 0, 0, 0, 0, 0,
54.4164,13,49, 0, 0, 0, 0, 0, 0, 0, 0, 0, 0, 0, 0,
54.6617,13,49, 0, 0, 0, 0, 0, 0, 0, 0, 0, 0, 0, 0,
54.9280,13,49, 0, 0, 0, 0, 0, 0, 0, 0, 0, 0, 0, 0,
55.1554, 1, 0, 0, 0, 0, 0, 0, 0, 0, 0, 0, 0, 0,48,
55.1583,13,49, 0, 0, 0, 0, 0, 0, 0, 0, 0, 0, 0, 0,
55.3868, 1, 0, 0, 0, 0, 0, 0, 0, 0, 0, 0, 0, 0,48,
55.4086,13,49, 0, 0, 0, 0, 0, 0, 0, 0, 0, 0, 0, 0,
55.6413, 1, 0, 0, 0, 0, 0, 0, 0, 0, 0, 0, 0, 0,48,
55.8887, 1, 0, 0, 0, 0, 0, 0, 0, 0, 0, 0, 0, 0,48,
55.9095,13,49, 0, 0, 0, 0, 0, 0, 0, 0, 0, 0, 0, 0,
56.1401, 1, 0, 0, 0, 0, 0, 0, 0, 0, 0, 0, 0, 0,48,
56.4054, 1, 0, 0, 0, 0, 0, 0, 0, 0, 0, 0, 0, 0,48,
56.4082,13,49, 0, 0, 0, 0, 0, 0, 0, 0, 0, 0, 0, 0,
56.6389, 1, 0, 0, 0, 0, 0, 0, 0, 0, 0, 0, 0, 0,48,
56.9051, 1, 0, 0, 0, 0, 0, 0, 0, 0, 0, 0, 0, 0,48,
56.9250,13,49, 0, 0, 0, 0, 0, 0, 0, 0, 0, 0, 0, 0,
57.1564, 1, 0, 0, 0, 0, 0, 0, 0, 0, 0, 0, 0, 0,48,
57.1569,13,49, 0, 0, 0, 0, 0, 0, 0, 0, 0, 0, 0, 0,
57.4277,13,49, 0, 0, 0, 0, 0, 0, 0, 0, 0, 0, 0, 0,
57.6780,13,49, 0, 0, 0, 0, 0, 0, 0, 0, 0, 0, 0, 0,
57.9274,13,49, 0, 0, 0, 0, 0, 0, 0, 0, 0, 0, 0, 0,
58.1518, 1, 0, 0, 0, 0, 0, 0, 0, 0, 0, 0, 0, 0,48,
58.1717,13,49, 0, 0, 0, 0, 0, 0, 0, 0, 0, 0, 0, 0,
58.4003, 1, 0, 0, 0, 0, 0, 0, 0, 0, 0, 0, 0, 0,48,
58.4222,13,49, 0, 0, 0, 0, 0, 0, 0, 0, 0, 0, 0, 0,
58.6526, 1, 0, 0, 0, 0, 0, 0, 0, 0, 0, 0, 0, 0,48,
58.8949, 1, 0, 0, 0, 0, 0, 0, 0, 0, 0, 0, 0, 0,48,
58.9158,13,50, 0, 0, 0, 0, 0, 0, 0, 0, 0, 0, 0, 0,
59.1464, 1, 0, 0, 0, 0, 0, 0, 0, 0, 0, 0, 0, 0,48,
59.3917, 1, 0, 0, 0, 0, 0, 0, 0, 0, 0, 0, 0, 0,48,
59.4137,13,49, 0, 0, 0, 0, 0, 0, 0, 0, 0, 0, 0, 0,
59.6461, 1, 0, 0, 0, 0, 0, 0, 0, 0, 0, 0, 0, 0,48,
59.8895, 1, 0, 0, 0, 0, 0, 0, 0, 0, 0, 0, 0, 0,48,
59.9144,13,50, 0, 0, 0, 0, 0, 0, 0, 0, 0, 0, 0, 0,
60.1629, 1, 0, 0, 0, 0, 0, 0, 0, 0, 0, 0, 0, 0,48,
60.1633,13,49, 0, 0, 0, 0, 0, 0, 0, 0, 0, 0, 0, 0,
60.4282,13,49, 0, 0, 0, 0, 0, 0, 0, 0, 0, 0, 0, 0,
60.6735,13,49, 0, 0, 0, 0, 0, 0, 0, 0, 0, 0, 0, 0,
60.9228,13,49, 0, 0, 0, 0, 0, 0, 0, 0, 0, 0, 0, 0,
61.1512, 1, 0, 0, 0, 0, 0, 0, 0, 0, 0, 0, 0, 0,48,
61.1701,13,49, 0, 0, 0, 0, 0, 0, 0, 0, 0, 0, 0, 0,
61.3996, 1, 0, 0, 0, 0, 0, 0, 0, 0, 0, 0, 0, 0,48,
61.4205,13,49, 0, 0, 0, 0, 0, 0, 0, 0, 0, 0, 0, 0,
61.6510, 1, 0, 0, 0, 0, 0, 0, 0, 0, 0, 0, 0, 0,48,
61.9192,13,49, 0, 0, 0, 0, 0, 0, 0, 0, 0, 0, 0, 0,
62.1468, 1, 0, 0, 0, 0, 0, 0, 0, 0, 0, 0, 0, 0,48,
62.3911, 1, 0, 0, 0, 0, 0, 0, 0, 0, 0, 0, 0, 0,48,
62.4110,13,49, 0, 0, 0, 0, 0, 0, 0, 0, 0, 0, 0, 0,
62.6384, 1, 0, 0, 0, 0, 0, 0, 0, 0, 0, 0, 0, 0,48,
62.9069, 1, 0, 0, 0, 0, 0, 0, 0, 0, 0, 0, 0, 0,48,
62.9277,13,49, 0, 0, 0, 0, 0, 0, 0, 0, 0, 0, 0, 0,
63.1763,13,49, 0, 0, 0, 0, 0, 0, 0, 0, 0, 0, 0, 0,
63.4176,13,49, 0, 0, 0, 0, 0, 0, 0, 0, 0, 0, 0, 0,
63.6889,13,49, 0, 0, 0, 0, 0, 0, 0, 0, 0, 0, 0, 0,
63.9193,13,49, 0, 0, 0, 0, 0, 0, 0, 0, 0, 0, 0, 0,
64.1457, 1, 0, 0, 0, 0, 0, 0, 0, 0, 0, 0, 0, 0,48,
64.1656,13,49, 0, 0, 0, 0, 0, 0, 0, 0, 0, 0, 0, 0,
64.4131, 1, 0, 0, 0, 0, 0, 0, 0, 0, 0, 0, 0, 0,48,
64.4309,13,49, 0, 0, 0, 0, 0, 0, 0, 0, 0, 0, 0, 0,
64.6375, 1, 0, 0, 0, 0, 0, 0, 0, 0, 0, 0, 0, 0,49,
64.9026, 1, 0, 0, 0, 0, 0, 0, 0, 0, 0, 0, 0, 0,49,
64.9234,13,49, 0, 0, 0, 0, 0, 0, 0, 0, 0, 0, 0, 0,
65.1519, 1, 0, 0, 0, 0, 0, 0, 0, 0, 0, 0, 0, 0,48,
65.3983, 1, 0, 0, 0, 0, 0, 0, 0, 0, 0, 0, 0, 0,48,
65.6415, 1, 0, 0, 0, 0, 0, 0, 0, 0, 0, 0, 0, 0,49,
65.8869, 1, 0, 0, 0, 0, 0, 0, 0, 0, 0, 0, 0, 0,49,
65.9098,13,50, 0, 0, 0, 0, 0, 0, 0, 0, 0, 0, 0, 0,
66.1403, 1, 0, 0, 0, 0, 0, 0, 0, 0, 0, 0, 0, 0,49,
66.1601,13,49, 0, 0, 0, 0, 0, 0, 0, 0, 0, 0, 0, 0,
66.4275,13,49, 0, 0, 0, 0, 0, 0, 0, 0, 0, 0, 0, 0,
66.6728,13,49, 0, 0, 0, 0, 0, 0, 0, 0, 0, 0, 0, 0,
66.9194,13,49, 0, 0, 0, 0, 0, 0, 0, 0, 0, 0, 0, 0,
67.1417, 1, 0, 0, 0, 0, 0, 0, 0, 0, 0, 0, 0, 0,48,
67.4064, 1, 0, 0, 0, 0, 0, 0, 0, 0, 0, 0, 0, 0,48,
67.6527, 1, 0, 0, 0, 0, 0, 0, 0, 0, 0, 0, 0, 0,48,
67.8992, 1, 0, 0, 0, 0, 0, 0, 0, 0, 0, 0, 0, 0,48,
68.1428, 1, 0, 0, 0, 0, 0, 0, 0, 0, 0, 0, 0, 0,48,
68.3901, 1, 0, 0, 0, 0, 0, 0, 0, 0, 0, 0, 0, 0,48,
68.6375, 1, 0, 0, 0, 0, 0, 0, 0, 0, 0, 0, 0, 0,48,
68.8869, 1, 0, 0, 0, 0, 0, 0, 0, 0, 0, 0, 0, 0,48,
68.9209,13,49, 0, 0, 0, 0, 0, 0, 0, 0, 0, 0, 0, 0,
69.1502, 1, 0, 0, 0, 0, 0, 0, 0, 0, 0, 0, 0, 0,48,
69.1730,13,49, 0, 0, 0, 0, 0, 0, 0, 0, 0, 0, 0, 0,
69.6777,13,49, 0, 0, 0, 0, 0, 0, 0, 0, 0, 0, 0, 0,
69.9241,13,49, 0, 0, 0, 0, 0, 0, 0, 0, 0, 0, 0, 0,
70.1525, 1, 0, 0, 0, 0, 0, 0, 0, 0, 0, 0, 0, 0,48,
70.3978, 1, 0, 0, 0, 0, 0, 0, 0, 0, 0, 0, 0, 0,49,
70.6462, 1, 0, 0, 0, 0, 0, 0, 0, 0, 0, 0, 0, 0,48,
70.8905, 1, 0, 0, 0, 0, 0, 0, 0, 0, 0, 0, 0, 0,48,
70.9114,13,49, 0, 0, 0, 0, 0, 0, 0, 0, 0, 0, 0, 0,
71.1418, 1, 0, 0, 0, 0, 0, 0, 0, 0, 0, 0, 0, 0,49,
71.3902, 1, 0, 0, 0, 0, 0, 0, 0, 0, 0, 0, 0, 0,49,
71.6375, 1, 0, 0, 0, 0, 0, 0, 0, 0, 0, 0, 0, 0,49,
71.9028, 1, 0, 0, 0, 0, 0, 0, 0, 0, 0, 0, 0, 0,49,
71.9227,13,49, 0, 0, 0, 0, 0, 0, 0, 0, 0, 0, 0, 0,
72.1492, 1, 0, 0, 0, 0, 0, 0, 0, 0, 0, 0, 0, 0,48,
72.4184,13,49, 0, 0, 0, 0, 0, 0, 0, 0, 0, 0, 0, 0,
72.6619,13,49, 0, 0, 0, 0, 0, 0, 0, 0, 0, 0, 0, 0,
72.9284,13,49, 0, 0, 0, 0, 0, 0, 0, 0, 0, 0, 0, 0,
73.1508, 1, 0, 0, 0, 0, 0, 0, 0, 0, 0, 0, 0, 0,48,
73.1737,13,49, 0, 0, 0, 0, 0, 0, 0, 0, 0, 0, 0, 0,
73.4061, 1, 0, 0, 0, 0, 0, 0, 0, 0, 0, 0, 0, 0,48,
73.4150,13,49, 0, 0, 0, 0, 0, 0, 0, 0, 0, 0, 0, 0,
73.6425, 1, 0, 0, 0, 0, 0, 0, 0, 0, 0, 0, 0, 0,48,
73.8860, 1, 0, 0, 0, 0, 0, 0, 0, 0, 0, 0, 0, 0,48,
73.9098,13,49, 0, 0, 0, 0, 0, 0, 0, 0, 0, 0, 0, 0,
74.1624, 1, 0, 0, 0, 0, 0, 0, 0, 0, 0, 0, 0, 0,48,
74.3936, 1, 0, 0, 0, 0, 0, 0, 0, 0, 0, 0, 0, 0,48,
74.4155,13,49, 0, 0, 0, 0, 0, 0, 0, 0, 0, 0, 0, 0,
74.6419, 1, 0, 0, 0, 0, 0, 0, 0, 0, 0, 0, 0, 0,48,
74.8873, 1, 0, 0, 0, 0, 0, 0, 0, 0, 0, 0, 0, 0,48,
74.9123,13,49, 0, 0, 0, 0, 0, 0, 0, 0, 0, 0, 0, 0,
75.1447, 1, 0, 0, 0, 0, 0, 0, 0, 0, 0, 0, 0, 0,48,
75.1646,13,49, 0, 0, 0, 0, 0, 0, 0, 0, 0, 0, 0, 0,
75.4170,13,49, 0, 0, 0, 0, 0, 0, 0, 0, 0, 0, 0, 0,
75.6634,13,49, 0, 0, 0, 0, 0, 0, 0, 0, 0, 0, 0, 0,
75.9299,13,49, 0, 0, 0, 0, 0, 0, 0, 0, 0, 0, 0, 0,
76.1554, 1, 0, 0, 0, 0, 0, 0, 0, 0, 0, 0, 0, 0,49,
76.1643,13,49, 0, 0, 0, 0, 0, 0, 0, 0, 0, 0, 0, 0,
76.3917, 1, 0, 0, 0, 0, 0, 0, 0, 0, 0, 0, 0, 0,49,
76.4126,13,50, 0, 0, 0, 0, 0, 0, 0, 0, 0, 0, 0, 0,
76.6392, 1, 0, 0, 0, 0, 0, 0, 0, 0, 0, 0, 0, 0,48,
76.8876, 1, 0, 0, 0, 0, 0, 0, 0, 0, 0, 0, 0, 0,48,
76.9124,13,49, 0, 0, 0, 0, 0, 0, 0, 0, 0, 0, 0, 0,
77.1439, 1, 0, 0, 0, 0, 0, 0, 0, 0, 0, 0, 0, 0,48,
77.3893, 1, 0, 0, 0, 0, 0, 0, 0, 0, 0, 0, 0, 0,48,
77.6376, 1, 0, 0, 0, 0, 0, 0, 0, 0, 0, 0, 0, 0,48,
77.9059, 1, 0, 0, 0, 0, 0, 0, 0, 0, 0, 0, 0, 0,48,
78.1505, 1, 0, 0, 0, 0, 0, 0, 0, 0, 0, 0, 0, 0,48,
78.1724,13,50, 0, 0, 0, 0, 0, 0, 0, 0, 0, 0, 0, 0,
78.4238,13,50, 0, 0, 0, 0, 0, 0, 0, 0, 0, 0, 0, 0,
78.6671,13,50, 0, 0, 0, 0, 0, 0, 0, 0, 0, 0, 0, 0,
78.9115,13,50, 0, 0, 0, 0, 0, 0, 0, 0, 0, 0, 0, 0,
79.1588, 1, 0, 0, 0, 0, 0, 0, 0, 0, 0, 0, 0, 0,48,
79.1593,13,49, 0, 0, 0, 0, 0, 0, 0, 0, 0, 0, 0, 0,
79.3912, 1, 0, 0, 0, 0, 0, 0, 0, 0, 0, 0, 0, 0,48,
79.4111,13,49, 0, 0, 0, 0, 0, 0, 0, 0, 0, 0, 0, 0,
79.6396, 1, 0, 0, 0, 0, 0, 0, 0, 0, 0, 0, 0, 0,48,
79.9069, 1, 0, 0, 0, 0, 0, 0, 0, 0, 0, 0, 0, 0,48,
80.1374, 1, 0, 0, 0, 0, 0, 0, 0, 0, 0, 0, 0, 0,48,
80.4017, 1, 0, 0, 0, 0, 0, 0, 0, 0, 0, 0, 0, 0,48,
80.4226,13,49, 0, 0, 0, 0, 0, 0, 0, 0, 0, 0, 0, 0,
80.6511, 1, 0, 0, 0, 0, 0, 0, 0, 0, 0, 0, 0, 0,48,
80.8984, 1, 0, 0, 0, 0, 0, 0, 0, 0, 0, 0, 0, 0,48,
81.1427, 1, 0, 0, 0, 0, 0, 0, 0, 0, 0, 0, 0, 0,48,
81.1626,13,49, 0, 0, 0, 0, 0, 0, 0, 0, 0, 0, 0, 0,
81.4119,13,49, 0, 0, 0, 0, 0, 0, 0, 0, 0, 0, 0, 0,
81.6765,13,49, 0, 0, 0, 0, 0, 0, 0, 0, 0, 0, 0, 0,
81.9188,13,49, 0, 0, 0, 0, 0, 0, 0, 0, 0, 0, 0, 0,
82.1422, 1, 0, 0, 0, 0, 0, 0, 0, 0, 0, 0, 0, 0,48,
82.1628,13,49, 0, 0, 0, 0, 0, 0, 0, 0, 0, 0, 0, 0,
82.3953, 1, 0, 0, 0, 0, 0, 0, 0, 0, 0, 0, 0, 0,48,
82.6388, 1, 0, 0, 0, 0, 0, 0, 0, 0, 0, 0, 0, 0,48,
82.9051, 1, 0, 0, 0, 0, 0, 0, 0, 0, 0, 0, 0, 0,48,
82.9260,13,49, 0, 0, 0, 0, 0, 0, 0, 0, 0, 0, 0, 0,
83.1546, 1, 0, 0, 0, 0, 0, 0, 0, 0, 0, 0, 0, 0,47,
83.3979, 1, 0, 0, 0, 0, 0, 0, 0, 0, 0, 0, 0, 0,47,
83.4198,13,49, 0, 0, 0, 0, 0, 0, 0, 0, 0, 0, 0, 0,
83.6473, 1, 0, 0, 0, 0, 0, 0, 0, 0, 0, 0, 0, 0,48,
83.8937, 1, 0, 0, 0, 0, 0, 0, 0, 0, 0, 0, 0, 0,48,
83.9136,13,49, 0, 0, 0, 0, 0, 0, 0, 0, 0, 0, 0, 0,
84.1400, 1, 0, 0, 0, 0, 0, 0, 0, 0, 0, 0, 0, 0,47,
84.1630,13,49, 0, 0, 0, 0, 0, 0, 0, 0, 0, 0, 0, 0,
84.4123,13,49, 0, 0, 0, 0, 0, 0, 0, 0, 0, 0, 0, 0,
84.6784,13,49, 0, 0, 0, 0, 0, 0, 0, 0, 0, 0, 0, 0,
84.9209,13,49, 0, 0, 0, 0, 0, 0, 0, 0, 0, 0, 0, 0,
85.1474, 1, 0, 0, 0, 0, 0, 0, 0, 0, 0, 0, 0, 0,47,
85.1683,13,50, 0, 0, 0, 0, 0, 0, 0, 0, 0, 0, 0, 0,
85.4285,13,50, 0, 0, 0, 0, 0, 0, 0, 0, 0, 0, 0, 0,
85.8917, 1, 0, 0, 0, 0, 0, 0, 0, 0, 0, 0, 0, 0,51,
85.9117,13,53, 0, 0, 0, 0, 0, 0, 0, 0, 0, 0, 0, 0,
86.1390, 1, 0, 0, 0, 0, 0, 0, 0, 0, 0, 0, 0, 0,51,
86.4053, 1, 0, 0, 0, 0, 0, 0, 0, 0, 0, 0, 0, 0,51,
86.4263,13,49, 0, 0, 0, 0, 0, 0, 0, 0, 0, 0, 0, 0,
86.6536, 1, 0, 0, 0, 0, 0, 0, 0, 0, 0, 0, 0, 0,48,
86.9010, 1, 0, 0, 0, 0, 0, 0, 0, 0, 0, 0, 0, 0,48,
86.9219,13,52, 0, 0, 0, 0, 0, 0, 0, 0, 0, 0, 0, 0,
87.1483, 1, 0, 0, 0, 0, 0, 0, 0, 0, 0, 0, 0, 0,50,
87.1682,13,51, 0, 0, 0, 0, 0, 0, 0, 0, 0, 0, 0, 0,
87.4147,13,51, 0, 0, 0, 0, 0, 0, 0, 0, 0, 0, 0, 0,
87.6820,13,51, 0, 0, 0, 0, 0, 0, 0, 0, 0, 0, 0, 0,
87.9264,13,51, 0, 0, 0, 0, 0, 0, 0, 0, 0, 0, 0, 0,
88.1498, 1, 0, 0, 0, 0, 0, 0, 0, 0, 0, 0, 0, 0,49,
88.1697,13,49, 0, 0, 0, 0, 0, 0, 0, 0, 0, 0, 0, 0,
88.3992, 1, 0, 0, 0, 0, 0, 0, 0, 0, 0, 0, 0, 0,48,
88.4190,13,52, 0, 0, 0, 0, 0, 0, 0, 0, 0, 0, 0, 0,
88.6445, 1, 0, 0, 0, 0, 0, 0, 0, 0, 0, 0, 0, 0,51,
88.9320, 1, 0, 0, 0, 0, 0, 0, 0, 0, 0, 0, 0, 0,51,
88.9324,13,49, 0, 0, 0, 0, 0, 0, 0, 0, 0, 0, 0, 0,
89.1566, 1, 0, 0, 0, 0, 0, 0, 0, 0, 0, 0, 0, 0,47,
89.3889, 1, 0, 0, 0, 0, 0, 0, 0, 0, 0, 0, 0, 0,47,
89.4129,13,49, 0, 0, 0, 0, 0, 0, 0, 0, 0, 0, 0, 0,
89.6383, 1, 0, 0, 0, 0, 0, 0, 0, 0, 0, 0, 0, 0,48,
89.9046, 1, 0, 0, 0, 0, 0, 0, 0, 0, 0, 0, 0, 0,48,
89.9106,13,54, 0, 0, 0, 0, 0, 0, 0, 0, 0, 0, 0, 0,
90.1390, 1, 0, 0, 0, 0, 0, 0, 0, 0, 0, 0, 0, 0,52,
90.4268,13,50, 0, 0, 0, 0, 0, 0, 0, 0, 0, 0, 0, 0,
90.6717,13,50, 0, 0, 0, 0, 0, 0, 0, 0, 0, 0, 0, 0,
90.9151,13,50, 0, 0, 0, 0, 0, 0, 0, 0, 0, 0, 0, 0,
91.1395, 1, 0, 0, 0, 0, 0, 0, 0, 0, 0, 0, 0, 0,50,
91.1614,13,53, 0, 0, 0, 0, 0, 0, 0, 0, 0, 0, 0, 0,
91.4061, 1, 0, 0, 0, 0, 0, 0, 0, 0, 0, 0, 0, 0,51,
91.4120,13,53, 0, 0, 0, 0, 0, 0, 0, 0, 0, 0, 0, 0,
91.6612, 1, 0, 0, 0, 0, 0, 0, 0, 0, 0, 0, 0, 0,52,
91.8896, 1, 0, 0, 0, 0, 0, 0, 0, 0, 0, 0, 0, 0,52,
91.9145,13,54, 0, 0, 0, 0, 0, 0, 0, 0, 0, 0, 0, 0,
92.1419, 1, 0, 0, 0, 0, 0, 0, 0, 0, 0, 0, 0, 0,52,
92.4074, 1, 0, 0, 0, 0, 0, 0, 0, 0, 0, 0, 0, 0,52,
92.4134,13,52, 0, 0, 0, 0, 0, 0, 0, 0, 0, 0, 0, 0,
92.6418, 1, 0, 0, 0, 0, 0, 0, 0, 0, 0, 0, 0, 0,51,
92.9064, 1, 0, 0, 0, 0, 0, 0, 0, 0, 0, 0, 0, 0,51,
92.9251,13,51, 0, 0, 0, 0, 0, 0, 0, 0, 0, 0, 0, 0,
93.1526, 1, 0, 0, 0, 0, 0, 0, 0, 0, 0, 0, 0, 0,49,
93.1735,13,52, 0, 0, 0, 0, 0, 0, 0, 0, 0, 0, 0, 0,
93.4228,13,52, 0, 0, 0, 0, 0, 0, 0, 0, 0, 0, 0, 0,
93.6673,13,52, 0, 0, 0, 0, 0, 0, 0, 0, 0, 0, 0, 0,
93.9305,13,52, 0, 0, 0, 0, 0, 0, 0, 0, 0, 0, 0, 0,
94.1589, 1, 0, 0, 0, 0, 0, 0, 0, 0, 0, 0, 0, 0,51,
94.1594,13,52, 0, 0, 0, 0, 0, 0, 0, 0, 0, 0, 0, 0,
94.4093, 1, 0, 0, 0, 0, 0, 0, 0, 0, 0, 0, 0, 0,51,
94.4098,13,53, 0, 0, 0, 0, 0, 0, 0, 0, 0, 0, 0, 0,
94.6567, 1, 0, 0, 0, 0, 0, 0, 0, 0, 0, 0, 0, 0,51,
94.9241,13,53, 0, 0, 0, 0, 0, 0, 0, 0, 0, 0, 0, 0,
95.1464, 1, 0, 0, 0, 0, 0, 0, 0, 0, 0, 0, 0, 0,51,
95.3900, 1, 0, 0, 0, 0, 0, 0, 0, 0, 0, 0, 0, 0,51,
95.4170,13,53, 0, 0, 0, 0, 0, 0, 0, 0, 0, 0, 0, 0,
95.6443, 1, 0, 0, 0, 0, 0, 0, 0, 0, 0, 0, 0, 0,51,
95.8886, 1, 0, 0, 0, 0, 0, 0, 0, 0, 0, 0, 0, 0,51,
95.9116,13,52, 0, 0, 0, 0, 0, 0, 0, 0, 0, 0, 0, 0,
96.1420, 1, 0, 0, 0, 0, 0, 0, 0, 0, 0, 0, 0, 0,51,
96.1629,13,52, 0, 0, 0, 0, 0, 0, 0, 0, 0, 0, 0, 0,
96.4113,13,52, 0, 0, 0, 0, 0, 0, 0, 0, 0, 0, 0, 0,
96.6765,13,52, 0, 0, 0, 0, 0, 0, 0, 0, 0, 0, 0, 0,
96.9229,13,52, 0, 0, 0, 0, 0, 0, 0, 0, 0, 0, 0, 0,
97.1463, 1, 0, 0, 0, 0, 0, 0, 0, 0, 0, 0, 0, 0,51,
97.1672,13,52, 0, 0, 0, 0, 0, 0, 0, 0, 0, 0, 0, 0,
97.3956, 1, 0, 0, 0, 0, 0, 0, 0, 0, 0, 0, 0, 0,50,
97.4156,13,52, 0, 0, 0, 0, 0, 0, 0, 0, 0, 0, 0, 0,
97.6440, 1, 0, 0, 0, 0, 0, 0, 0, 0, 0, 0, 0, 0,51,
97.8903, 1, 0, 0, 0, 0, 0, 0, 0, 0, 0, 0, 0, 0,51,
97.9142,13,52, 0, 0, 0, 0, 0, 0, 0, 0, 0, 0, 0, 0,
98.1416, 1, 0, 0, 0, 0, 0, 0, 0, 0, 0, 0, 0, 0,50,
98.4070, 1, 0, 0, 0, 0, 0, 0, 0, 0, 0, 0, 0, 0,50,
98.4128,13,52, 0, 0, 0, 0, 0, 0, 0, 0, 0, 0, 0, 0,
98.6393, 1, 0, 0, 0, 0, 0, 0, 0, 0, 0, 0, 0, 0,50,
98.9066, 1, 0, 0, 0, 0, 0, 0, 0, 0, 0, 0, 0, 0,50,
98.9145,13,52, 0, 0, 0, 0, 0, 0, 0, 0, 0, 0, 0, 0,
99.1839,13,52, 0, 0, 0, 0, 0, 0, 0, 0, 0, 0, 0, 0,
99.4272,13,52, 0, 0, 0, 0, 0, 0, 0, 0, 0, 0, 0, 0,
99.6725,13,52, 0, 0, 0, 0, 0, 0, 0, 0, 0, 0, 0, 0,
99.9169,13,52, 0, 0, 0, 0, 0, 0, 0, 0, 0, 0, 0, 0,
100.1413, 1, 0, 0, 0, 0, 0, 0, 0, 0, 0, 0, 0, 0,49,
100.1622,13,52, 0, 0, 0, 0, 0, 0, 0, 0, 0, 0, 0, 0,
100.4096, 1, 0, 0, 0, 0, 0, 0, 0, 0, 0, 0, 0, 0,50,
100.4305,13,52, 0, 0, 0, 0, 0, 0, 0, 0, 0, 0, 0, 0,
100.6569, 1, 0, 0, 0, 0, 0, 0, 0, 0, 0, 0, 0, 0,51,
100.9053, 1, 0, 0, 0, 0, 0, 0, 0, 0, 0, 0, 0, 0,51,
100.9259,13,51, 0, 0, 0, 0, 0, 0, 0, 0, 0, 0, 0, 0,
101.1543, 1, 0, 0, 0, 0, 0, 0, 0, 0, 0, 0, 0, 0,50,
101.4000, 1, 0, 0, 0, 0, 0, 0, 0, 0, 0, 0, 0, 0,50,
101.4199,13,54, 0, 0, 0, 0, 0, 0, 0, 0, 0, 0, 0, 0,
101.6463, 1, 0, 0, 0, 0, 0, 0, 0, 0, 0, 0, 0, 0,52,
101.8907, 1, 0, 0, 0, 0, 0, 0, 0, 0, 0, 0, 0, 0,52,
101.9138,13,55, 0, 0, 0, 0, 0, 0, 0, 0, 0, 0, 0, 0,
102.1422, 1, 0, 0, 0, 0, 0, 0, 0, 0, 0, 0, 0, 0,52,
102.1621,13,54, 0, 0, 0, 0, 0, 0, 0, 0, 0, 0, 0, 0,
102.4324,13,54, 0, 0, 0, 0, 0, 0, 0, 0, 0, 0, 0, 0,
102.6618,13,54, 0, 0, 0, 0, 0, 0, 0, 0, 0, 0, 0, 0,
102.9271,13,54, 0, 0, 0, 0, 0, 0, 0, 0, 0, 0, 0, 0,
103.1535, 1, 0, 0, 0, 0, 0, 0, 0, 0, 0, 0, 0, 0,51,
103.1734,13,53, 0, 0, 0, 0, 0, 0, 0, 0, 0, 0, 0, 0,
103.4009, 1, 0, 0, 0, 0, 0, 0, 0, 0, 0, 0, 0, 0,51,
103.4217,13,55, 0, 0, 0, 0, 0, 0, 0, 0, 0, 0, 0, 0,
103.6482, 1, 0, 0, 0, 0, 0, 0, 0, 0, 0, 0, 0, 0,54,
103.8965, 1, 0, 0, 0, 0, 0, 0, 0, 0, 0, 0, 0, 0,54,
结束采集数据
