***激光测距仪传来的距离信息***
***Receive Timestamp，Distance***
16.0801,0.0000
17.5842,1.1715
19.1520,1.1723
20.5841,1.1723
22.0800,1.1736
23.6642,1.1800
25.0800,1.1800
26.5841,1.1553
28.1601,1.1540
29.5841,1.1540
31.0800,1.1460
32.6640,1.1474
34.0800,1.1474
35.5842,1.1370
37.1600,1.1456
38.5841,1.1456
40.0799,1.1606
41.6641,1.1595
43.0799,1.1595
44.5840,1.1441
46.0800,1.1515
47.6642,1.1549
49.0801,1.1549
50.5841,1.1637
52.2080,1.1722
53.6321,1.1722
55.1280,1.1600
56.7122,1.1672
58.1279,1.1672
59.6321,1.1672
61.2159,1.1590
62.6321,1.1590
64.1280,1.1553
65.7120,1.1553
67.1281,1.1553
68.6319,1.1553
70.2162,1.1626
71.6320,1.1626
73.1279,1.1373
74.6320,1.1373
76.1279,1.1373
77.6319,1.1612
79.2159,1.1598
80.6318,1.1598
82.1359,1.1598
83.6319,1.1491
85.2079,1.1456
86.6320,1.1456
88.1279,1.1590
89.7119,1.1581
91.1278,1.1581
92.6320,1.1581
94.2639,1.1620
95.6800,1.1620
97.1839,0.2387
98.7599,1.4406
100.1839,1.4406
101.6800,1.4416
103.2638,1.4472
104.7599,1.4437
106.1840,1.4437
107.6799,1.4479
109.2639,1.4492
110.6801,1.4492
112.1840,1.4451
113.6800,1.4451
115.1759,1.4451
116.6799,1.4457
118.2640,1.4457
119.6798,1.4457
121.1838,1.4529
122.6800,1.4529
124.2478,1.4467
125.7279,1.4467
127.2318,1.4467
128.7279,1.4467
130.2318,1.4346
131.8078,1.4552
133.2318,1.4565
134.7277,1.4565
136.3598,1.4519
137.7758,1.4519
139.2798,1.4393
140.7840,1.4393
142.2799,1.4599
143.7758,1.4599
145.3599,1.4674
146.7757,1.4674
148.2798,1.4496
149.8558,1.4398
151.2799,1.4398
152.7758,1.4391
154.3597,1.4482
155.7757,1.4482
157.2798,1.4482
158.8558,1.4493
160.2798,1.4493
161.7758,1.4493
163.2797,1.4493
164.7758,1.4500
166.2797,1.4500
167.9118,1.4560
169.3278,1.4560
170.8318,0.5249
172.4078,1.8514
173.8319,1.8514
175.3279,1.8598
176.8319,1.8598
178.3277,1.8598
179.8317,1.8805
181.4557,1.8699
182.8798,1.8699
184.3757,1.8520
185.8799,1.8520
187.3757,1.8520
188.8798,1.8629
190.4637,1.8616
191.8798,1.8616
193.3759,1.8657
194.9598,1.8625
196.3757,1.8625
197.8798,1.8625
199.4556,1.8632
200.8798,1.8742
202.3758,1.8742
203.9597,1.8653
205.3758,1.8653
206.8797,1.8640
208.4556,1.8510
209.8796,1.8510
211.3758,1.8732
212.9597,1.8646
214.3758,1.8646
215.8798,1.8757
217.4638,1.8876
218.8796,1.8876
220.3757,1.8828
222.0076,1.8927
223.4236,1.8927
224.9276,1.0479
226.5117,2.2221
227.9276,2.2441
229.4316,2.2441
231.0076,2.2297
232.4236,2.2297
233.9276,2.2214
235.4236,2.2283
237.0078,2.2159
238.4237,2.2159
239.9276,2.2422
241.5117,2.2220
242.9275,2.2220
244.4317,2.2357
246.0077,2.2357
247.4236,2.2348
248.9276,2.2348
250.5116,2.2007
251.9275,2.2007
253.4236,2.2304
255.0076,2.2304
256.4316,2.2317
257.9275,2.2317
259.5596,2.2317
260.9757,2.2317
262.4796,2.2369
264.1117,2.2333
265.5277,2.2333
267.0235,2.2507
268.6075,2.2380
270.0235,2.2380
271.5276,2.5577
273.1596,2.5624
274.5757,2.5624
276.0797,2.5873
277.6556,2.5830
279.0797,2.5830
280.5755,2.5698
282.1596,2.5792
283.5755,2.5842
285.0795,2.5842
286.6556,2.6007
288.0797,2.6007
289.5756,2.6007
291.1595,2.5885
292.5755,2.5885
294.0795,2.5824
295.6553,2.5814
297.0796,2.5814
298.6236,2.6066
300.2555,2.5890
301.6794,2.5890
303.1756,2.5738
304.6794,2.5641
306.2554,2.5867
307.6794,2.5867
309.1754,2.6008
310.6794,2.6043
312.2554,2.6049
313.6794,2.6049
315.1755,2.6100
316.7595,2.6052
318.1756,2.6052
319.6795,2.6170
321.2554,2.6105
322.6795,2.6105
324.1756,2.6209
325.6794,2.6209
327.1756,2.6209
328.6716,2.8882
330.2553,2.9114
331.6715,2.9114
333.1755,2.9123
334.7597,2.9062
336.1756,2.9062
337.7274,2.9158
339.2236,2.9158
340.7274,2.9158
342.2235,2.9271
343.8074,2.9236
345.2235,2.9236
346.7275,2.9194
348.2234,2.9194
349.7274,2.9194
351.2234,2.9194
352.8075,2.9071
354.2236,2.9071
355.7274,2.9180
357.3040,2.9144
358.7273,2.9144
360.2234,2.9250
361.7273,2.9044
363.3033,2.9165
364.7273,2.9165
366.2234,2.9154
367.8261,2.9166
369.2233,2.9166
370.7273,2.9166
372.3033,2.9216
373.7273,2.9216
375.2233,2.8922
376.8074,2.9210
378.2235,2.9210
379.7753,2.9223
381.3593,2.9258
382.7754,2.9258
384.2713,2.9258
385.7753,0.0000
387.2714,0.0000
388.7753,3.1951
390.3594,3.2263
391.7753,3.2263
393.2714,3.2263
394.8554,3.2263
396.2714,3.2263
397.7753,3.2323
399.2713,3.2264
400.7752,3.2264
402.3513,3.2458
403.7752,3.2458
405.2714,3.2126
406.7752,3.2264
408.3513,3.2205
409.7753,3.2205
411.2714,3.2098
412.9034,3.2317
414.3273,3.2317
415.8233,3.2250
417.3753,3.2360
418.9513,3.2289
420.3752,3.2368
421.8712,3.2368
423.4552,3.2329
424.8712,3.2329
426.3754,3.2183
427.9512,3.2217
429.3752,3.2217
430.8712,3.2291
432.3752,3.2291
433.8712,3.2291
435.4552,3.4278
436.8712,3.4278
438.3754,3.4217
439.9512,3.4629
441.4552,3.4162
442.8712,3.4162
444.3752,3.4435
445.9512,3.4469
447.3752,3.4469
448.8711,3.4563
450.4552,3.4411
451.8712,3.4411
453.3752,3.4511
454.9511,3.4325
456.3752,3.4325
457.9192,3.4338
459.4233,3.4541
461.0071,3.4445
462.4231,3.4445
463.9193,3.4445
465.5031,3.4511
466.9192,3.4511
468.4232,3.4462
469.9192,3.4473
471.5032,3.4555
472.9271,3.4555
474.4232,3.4682
476.0071,3.4633
477.4231,3.4691
478.9191,3.4691
480.5033,3.4691
481.9191,3.4691
483.4231,3.4572
485.0072,3.4745
486.4232,3.4745
487.9191,3.4877
489.5031,3.4877
490.9191,3.4877
492.4231,3.4704
493.9191,3.4704
495.4231,3.4704
497.0071,3.7704
498.4231,3.7704
499.9190,3.7673
501.5031,3.7771
502.9191,3.7771
504.4231,3.7661
505.9190,3.7697
507.5032,3.7631
508.9191,3.7631
510.4231,3.7703
512.0071,3.7716
513.4231,3.7716
514.9190,3.7716
516.5032,3.7603
517.9191,3.7603
519.4231,3.7603
521.0071,3.7590
522.4230,3.7590
523.9191,3.7576
525.4231,3.7576
526.9190,3.7576
528.4231,3.7658
529.9992,3.7735
531.4232,3.7735
532.9190,3.7700
534.5031,3.7582
535.9270,3.7582
537.4231,3.7582
538.9991,3.7595
540.4230,3.7595
541.9190,3.7733
543.5029,3.7768
544.9189,3.7768
546.4230,3.7768
547.9990,3.7889
549.4231,3.7889
550.9191,3.7889
552.4231,4.0401
553.9990,4.0557
555.4231,4.0667
556.9190,4.0667
558.5030,4.0367
559.9190,4.0367
561.4230,4.0367
562.9190,4.0454
564.5029,4.0509
565.9189,4.0478
567.4230,4.0478
568.9990,4.0585
570.4230,4.0585
571.9190,4.0696
573.5029,4.0408
574.9189,4.0408
576.4710,4.0642
577.9669,4.0602
579.5511,4.0602
580.9670,4.0602
582.4709,4.0612
584.0549,4.0562
585.4709,4.0562
586.9669,4.0403
588.5508,4.0692
589.9669,4.0692
591.4709,4.0705
592.9749,4.0705
594.4710,4.0705
595.9669,4.0747
597.5188,4.0914
599.1029,4.0709
600.5188,4.0709
602.0227,4.0709
603.5188,4.3899
605.1028,4.3969
606.5201,4.3904
608.0244,4.3904
609.5988,4.3953
611.0228,4.3953
612.5188,4.3813
614.1028,4.3764
615.5189,4.3764
617.0710,4.4190
618.6467,4.4286
620.0708,4.4286
621.5668,4.3968
623.1510,4.4084
624.5667,4.4084
626.0708,4.4118
627.6470,4.4064
629.0710,4.4064
630.5668,4.6676
632.1506,4.6829
633.5668,4.6829
635.0710,4.7307
636.6468,4.6943
638.0709,4.6943
639.5668,4.6758
641.1508,4.6825
642.5668,4.6825
644.0707,4.6901
645.6468,4.6993
647.0707,4.6993
648.5669,4.6856
650.1508,4.6868
651.5666,4.6589
653.0707,4.6589
654.7027,4.6575
656.1189,4.6575
657.6148,4.6759
659.1988,4.6904
660.6228,4.6904
662.1189,4.6248
663.6707,4.6883
665.2468,4.6616
666.6707,4.6616
668.1667,4.6875
669.7509,4.6423
671.1667,4.6423
672.6708,4.6565
674.2467,4.6844
675.6707,4.6844
677.1668,4.6882
678.6707,4.6978
680.2467,3.7837
681.6708,5.0374
683.1667,5.0374
684.6706,5.0492
686.2467,5.0548
687.6708,5.0688
689.1667,5.0688
690.6708,5.0639
692.2467,5.0544
693.6707,5.0544
695.1668,5.0606
696.7507,5.0477
698.1667,5.0477
699.6707,5.0477
701.2467,5.0545
702.6707,5.0545
704.1667,5.0430
705.7508,5.0531
707.3027,5.0563
708.7187,5.0563
710.2147,5.0551
711.7987,5.0634
713.2227,5.0634
714.7187,5.0622
716.2946,5.0622
717.7185,5.0622
719.2148,5.0515
720.7188,5.0528
722.3028,5.0706
723.7187,5.0706
725.2146,5.0610
726.7986,5.0571
728.2146,5.0692
729.7186,5.0692
731.3026,5.0608
732.7186,5.0614
734.2148,5.0614
735.7986,5.0549
737.2146,5.0693
738.7187,5.0693
740.2146,5.0519
741.7985,5.0529
743.2146,5.0529
744.7187,5.0564
746.3026,5.0564
747.7188,5.0564
749.2147,5.0574
750.7987,5.0713
752.2181,5.0713
753.7185,5.3798
755.2946,5.3065
756.7187,5.3065
758.2147,5.3284
759.7985,5.3400
761.2147,5.3400
762.7185,5.3400
764.2627,5.3434
765.7666,5.3311
767.3506,5.3528
768.7667,5.3528
770.2627,5.3388
771.8465,5.3381
773.2707,5.3381
774.7667,5.3426
776.3506,5.3358
777.7665,5.3358
779.2627,5.3584
780.8466,5.3420
782.2704,5.3420
783.7665,5.3504
785.3504,5.3438
786.7665,5.3438
788.2706,5.3438
789.8465,5.3659
791.2627,5.3659
792.7665,5.3614
794.3427,5.3726
795.7665,5.3726
797.2624,5.3415
798.8464,5.3496
800.2626,5.3496
801.8146,5.3665
803.3985,5.4086
804.8145,5.4086
806.3665,5.6418
807.9505,5.6382
809.3665,5.6382
810.8624,5.6542
812.3665,5.6476
813.9505,5.6384
815.3666,5.6384
816.8624,5.6514
818.4144,5.6335
819.9984,5.6291
821.4145,5.6291
822.9186,5.6517
824.4944,5.6362
825.9185,5.6362
827.4145,5.6406
828.9984,5.6361
830.4142,5.6307
831.9186,5.6307
833.4944,5.6588
834.9186,5.6588
836.4144,5.6209
837.9984,5.6477
839.4144,5.5843
840.9185,5.5843
842.4945,5.6505
843.9184,5.6505
845.4145,5.6195
846.9984,5.6233
848.4143,5.6612
849.9184,5.6612
851.4144,5.6612
852.9186,5.6612
854.4144,5.9245
855.9984,5.9741
857.4144,5.9741
858.9183,5.9389
860.4143,5.9480
861.9984,5.9588
863.4144,5.9623
864.9183,5.9623
866.4143,5.9623
867.9183,5.9623
869.4143,5.9554
870.9104,5.9363
872.4143,5.9363
873.9104,5.9363
875.4143,5.9548
876.9984,5.9553
878.4143,5.9553
879.9103,5.9405
881.5425,5.9638
882.9663,5.9638
884.4624,5.9638
886.0463,5.9694
887.4624,5.9694
888.9664,5.9725
890.5423,5.9725
891.9664,5.9725
893.4623,6.3349
895.0463,6.3149
896.4624,6.3149
897.9663,6.3378
899.5423,6.3315
900.9665,6.3301
902.4623,6.3301
904.0463,6.3383
905.4623,6.3383
906.9664,6.2914
908.5424,6.3185
909.9663,6.3185
911.4624,6.3230
913.0462,6.3051
914.4623,6.3051
915.9663,6.2936
917.5424,6.2765
918.9663,6.2765
920.4623,6.3047
921.9664,6.3032
923.4623,6.3032
925.0462,6.3087
926.4622,6.3087
927.9663,6.3102
929.5102,6.3335
931.0943,6.3527
932.5104,6.3527
934.0142,6.3679
935.5983,6.4233
937.0142,6.4233
938.5102,6.5354
940.0943,6.4708
941.5983,6.5031
943.0143,6.5031
944.5983,6.4992
946.0142,6.4992
947.5102,6.5144
949.0941,6.5090
950.5101,6.5123
952.0143,6.5123
953.5902,6.5123
955.0143,6.5123
956.5102,6.5162
958.1421,6.5193
959.5663,6.5193
961.0622,6.5286
962.5663,6.5317
964.0621,6.5371
965.6463,6.5419
967.0621,6.5419
968.5662,6.5512
970.0621,6.5890
971.5663,6.5890
973.0621,6.5890
974.5582,6.8299
976.1102,6.8330
977.6141,6.8368
979.1901,6.8294
980.6143,6.8294
982.1101,6.8279
983.6941,6.8494
985.1101,6.8494
986.6142,6.8480
988.1901,6.8363
989.6141,6.8321
991.1101,6.8321
992.6941,6.8360
994.1101,6.8360
995.6623,6.8360
997.2940,6.8365
998.7100,6.8365
1000.2141,6.8470
1001.7902,6.8378
1003.2141,6.8378
1004.7102,6.8558
1006.2141,6.8353
1007.7902,6.8359
1009.2141,6.8359
1010.7100,6.8504
1012.2940,6.8754
1013.7101,6.8754
1015.2140,7.0600
1016.7900,7.0670
1018.2140,7.0670
1019.7101,7.0676
1021.2940,7.0594
1022.7101,7.0594
1024.2141,7.0647
1025.7100,7.0654
1027.2940,7.0734
1028.7102,7.0734
1030.2140,7.0599
1031.7581,7.0686
1033.3421,7.0686
1034.7581,7.0686
1036.2620,7.0686
1037.8460,7.0770
1039.2620,7.0770
1040.7580,7.0803
1042.3421,7.0798
1043.7580,7.0798
1045.2619,7.1089
1046.7580,7.0877
1048.3421,7.0891
1049.7582,7.0891
1051.2620,7.0891
1052.8380,7.0819
1054.2619,7.0819
1055.7579,7.0904
1057.3419,7.0904
1058.7581,7.0904
1060.2619,7.0916
1061.8380,7.0763
1063.2619,7.0940
1064.7580,7.0940
1066.3420,7.0981
1067.7581,7.0981
1069.3099,7.0981
1070.8139,7.0981
1072.3099,7.0564
1073.8059,7.0564
1075.3901,7.0804
1076.8139,7.0804
1078.3099,7.0734
1079.8138,7.0734
1081.3099,7.0734
1082.8060,7.0624
1084.3900,7.0777
1085.8139,7.0832
1087.3098,7.0832
1088.8940,7.0832
1090.3099,7.0832
1091.8139,7.0832
1093.3900,7.0827
1094.8059,7.0827
1096.3099,7.0929
1097.8059,7.0929
1099.3899,7.0942
1100.8060,7.0942
1102.3098,7.0935
1103.8859,7.0864
1105.3098,7.0864
1106.8138,7.0877
1108.3098,7.0877
1109.9420,7.0877
1111.3578,7.0877
1112.8619,7.0863
1114.4379,7.0792
1115.8618,7.0792
1117.3578,7.0806
1118.9419,7.0886
1120.3578,7.0886
1121.8620,7.0956
1123.4379,7.0922
1124.8619,7.0922
1126.3579,7.0915
1127.9420,7.0852
1129.3578,7.0852
1130.8619,7.0907
1132.4379,7.0916
1133.8618,7.0916
1135.3578,7.0904
1136.9418,7.0915
1138.3578,7.0915
1139.8618,7.0868
1141.4378,7.0918
1142.8616,7.0918
1144.3577,7.0783
1145.8618,7.0872
1147.4379,7.0779
1148.8618,7.0779
1150.3577,7.0792
1151.9417,7.0831
1153.3577,7.0831
1154.8618,7.0876
1156.4377,7.0876
1157.8617,7.0876
1159.3577,7.0679
1160.9418,7.0891
1162.3577,7.0891
1163.8617,7.0826
1165.4378,7.0955
1166.8618,7.0955
1168.3577,7.0943
1169.9418,7.0874
1171.3577,7.0874
1172.8617,7.0946
1174.4377,7.1017
1175.8617,7.0860
1177.3577,7.0860
1178.9417,7.0908
1180.3577,7.0951
1181.8617,7.0951
1183.4377,7.0899
1184.8619,7.0899
1186.4057,7.0979
1188.0377,7.0910
1189.4539,7.0910
1190.9577,7.0982
1192.5418,7.0791
1193.9578,7.0791
1195.4536,7.0870
1197.0377,7.0922
1198.4536,7.0922
1199.9576,7.0961
1201.5416,7.0906
1202.9576,7.0906
1204.4536,7.0906
1206.0376,7.0916
1207.4536,7.0916
1208.9578,7.0973
1210.5417,7.0893
1212.0856,7.0893
1213.5097,7.0893
1215.0056,7.0891
1216.5896,7.0857
1218.0057,7.0857
1219.5096,7.0857
1221.0858,7.0871
1222.5096,7.0871
1224.0536,7.0907
1225.6376,7.0865
1227.0536,7.0865
1228.5576,7.0901
1230.1417,7.0966
1231.5578,7.0966
1233.0536,7.0861
1234.6376,7.1090
1236.0536,7.1007
1237.5577,7.1007
1239.1096,7.1046
1240.6856,7.0987
1242.1095,7.0987
1243.6056,7.1038
1245.1895,7.0963
1246.6056,7.0963
1248.1095,7.0655
1249.6855,6.3844
1251.1096,7.4590
1252.6056,7.4590
1254.1896,7.4590
1255.6056,7.4590
1257.1097,7.4554
1258.6856,7.4592
1260.1095,7.4529
1261.6055,7.4529
1263.1097,7.4529
1264.6855,7.4497
1266.1096,7.4497
1267.6056,7.4507
1269.1895,7.4573
1270.6056,7.4573
1272.1095,7.4584
1273.6855,6.5974
1275.1097,6.5974
1276.6056,7.7108
1278.1895,7.7278
1279.6055,7.7278
1281.1096,7.7243
1282.6855,7.7173
1284.1095,7.7173
1285.6056,7.7223
1287.1895,7.7182
1288.6055,7.7171
1290.1095,7.7171
1291.6855,7.7253
1293.1095,7.7192
1294.6055,7.7192
1296.1894,7.7181
1297.6214,7.7191
1299.1095,7.7191
1300.6855,7.7205
1302.1094,7.7205
1303.6054,7.7190
1305.1894,7.7349
1306.6054,7.7349
1308.1014,7.7154
1309.6055,7.7154
1311.1894,7.7295
1312.6056,7.7295
1314.1015,7.7226
1315.6854,7.7391
1317.1014,7.7391
1318.6054,7.7289
1320.1895,7.7297
1321.6054,7.7297
1323.1014,7.7253
1324.6854,7.7253
1326.1014,7.7253
1327.6055,7.7196
1329.1894,7.7196
1330.6054,7.7196
1332.1014,7.7196
1333.6534,7.7199
1335.2375,7.7199
1336.6533,7.7199
1338.1575,7.7314
1339.7334,7.7352
1341.1575,7.7352
1342.6534,7.7338
1344.1574,7.7265
1345.7015,7.7364
1347.2853,7.7218
1348.7893,7.7378
1350.2053,7.7378
1351.7814,7.7089
1353.2054,7.7089
1354.7013,7.7287
1356.2854,7.7091
1357.7015,7.7091
1359.2053,7.7316
1360.7895,7.7107
1362.2053,7.7107
1363.7013,7.7238
1365.2054,7.7294
1366.7013,7.7195
1368.2054,7.7266
1369.8053,7.7218
1371.3893,7.7143
1372.8053,7.7143
1374.3013,7.7187
1375.8533,8.0822
1377.4373,8.1280
1378.8533,8.1280
1380.3573,8.1350
1381.9333,8.1251
1383.4853,8.1115
1384.9013,8.1115
1386.4053,8.1115
1387.9013,8.1084
1389.4855,8.1201
1390.9015,8.1201
1392.4053,8.1191
1393.9814,8.1253
1395.4052,8.1253
1396.9014,8.1288
1398.4853,8.1089
1399.9013,8.1089
1401.4053,8.1089
1402.9812,8.1206
1404.4053,8.1219
1405.9012,8.1219
1407.4853,8.1153
1408.9574,8.1153
1410.4533,8.1153
1411.9492,8.1120
1413.5334,8.1036
1414.9493,8.1072
1416.4533,8.1072
1418.0373,8.1243
1419.4532,8.3404
1420.9492,8.3404
1422.5333,8.4186
1423.9492,8.4186
1425.4532,8.3947
1426.9492,8.4075
1428.5334,8.4086
1429.9574,8.4034
1431.4533,8.4034
1433.0372,8.4099
1434.4534,8.4099
1435.9494,8.4166
1437.5332,8.4042
1438.9493,8.4107
1440.4532,8.4107
1442.0852,8.4149
1443.5014,8.4149
1445.0053,8.4229
1446.5813,8.4241
1448.0054,8.4241
1449.5012,8.3834
1451.0852,8.4185
1452.5012,8.4185
1454.0053,8.4084
1455.5812,8.3969
1457.0052,8.4281
1458.5012,8.4281
1460.0851,7.5198
1461.5014,7.5198
1463.0051,8.7441
1464.5813,8.7354
1466.0053,8.7354
1467.5011,8.7541
1469.0852,8.7447
1470.5012,8.7447
1472.0054,8.7453
1473.5811,8.7359
1475.0053,8.7359
1476.5012,8.7428
1478.0851,8.7428
1479.5012,8.7428
1481.0533,8.7332
1482.5491,8.7278
1484.0532,8.7312
1485.5492,8.7418
1487.0533,8.7418
1488.6371,8.7420
1490.1810,8.7338
1491.6051,8.7405
1493.1012,8.7405
1494.6851,8.7499
1496.1012,8.7499
1497.6050,8.7203
1499.1811,8.7485
1500.6051,8.7436
1502.1012,8.7436
1503.6050,8.7468
1505.1811,8.7739
1506.5970,7.8981
1508.1011,7.8981
1509.6851,9.0174
1511.1011,9.0766
1512.6050,9.0766
1514.1811,9.0838
1515.6050,9.0824
1517.1011,9.0824
1518.6850,9.0695
1520.1011,9.0695
1521.6049,9.0820
1523.1811,9.0736
1524.5970,9.0736
1526.1012,9.0843
1527.6852,9.0857
1529.1010,9.0777
1530.5969,9.0777
1532.1810,9.0859
1533.6050,9.0859
1535.1010,9.0912
1536.6050,9.0912
1538.1011,9.0910
1539.6850,9.0941
1541.1010,9.0941
1542.5970,9.0883
1544.1810,8.1941
1545.5971,8.1941
1547.1010,9.3396
1548.6530,9.3382
1550.2290,9.3803
1551.6530,9.3803
1553.1490,9.3597
1554.7331,9.3467
1556.2851,9.3467
1557.7491,9.3582
1559.1969,9.3582
1560.7811,9.3476
1562.1969,9.3476
1563.7009,9.3625
1565.2850,9.3529
1566.7009,9.3529
1568.1970,9.3563
1569.7091,9.3677
1571.1971,9.3615
1572.7809,9.3726
1574.1970,9.3726
1575.7009,9.3659
1577.1971,9.3720
1578.7009,9.3720
1580.1970,9.3720
1581.7009,9.3980
1583.1969,9.3625
1584.7809,9.3682
1586.1968,9.3682
1587.7489,9.3648
1589.3328,9.3634
1590.7490,9.3718
1592.2529,9.3718
1593.7970,9.3724
1595.3810,8.4468
1596.7969,8.4468
1598.3009,9.7120
1599.8770,9.7186
1601.3009,9.7230
1602.7970,9.7230
1604.3009,9.7104
1605.8769,9.7233
1607.3008,9.7197
1608.7970,9.7197
1610.3490,9.7239
1611.8528,9.7250
1613.4290,9.7237
1614.8528,9.7191
1616.3490,9.7191
1617.9328,9.7246
1619.3488,9.7246
1620.8530,9.7412
1622.4290,9.7397
1623.8529,9.7397
1625.3488,9.7406
1626.8453,9.7360
1628.4290,9.7436
1629.9809,9.7436
1631.3970,9.7436
1632.9008,9.7324
1634.3969,9.7401
1635.9009,9.7348
1637.4768,9.7461
1638.9009,9.7461
1640.3968,9.7461
1641.9808,9.7492
1643.3969,9.7492
1644.9010,9.7492
1646.4769,10.1070
1647.9010,10.1070
1649.3969,10.0736
1650.9009,10.1164
1652.3967,10.1034
1653.9808,10.1080
1655.3968,10.1080
1656.9489,10.1174
1658.4448,10.1165
1659.9488,10.1237
1661.5248,10.1109
1663.0767,10.1118
1664.5009,10.1118
1665.9967,10.1118
1667.5007,10.1054
1669.0767,10.1102
1670.5007,10.1102
1671.9967,10.1097
1673.5807,10.0866
1674.9968,10.1153
1676.5008,10.1153
1678.0768,10.3800
1679.5006,10.3800
1680.9966,10.4695
1682.5009,10.5255
1684.0768,10.5077
1685.5009,10.5648
1686.9967,10.5648
1688.5807,10.5316
1689.9969,10.5316
1691.5487,10.5266
1693.1247,10.5348
1694.5487,10.5348
1696.0447,10.5214
1697.6287,10.5071
1699.0446,10.5071
1700.5486,10.5076
1702.0447,10.5062
1703.6286,10.5056
1705.0448,10.5056
1706.5487,10.5050
1708.1327,10.5143
1709.5487,10.5143
1711.0447,10.5135
1712.5488,10.5184
1714.1006,10.5173
1715.6767,10.4972
1717.1008,10.4972
1718.5967,10.4613
1720.1807,10.5031
1721.6446,10.5021
1723.1006,10.5021
1724.6766,9.6915
1726.1006,9.6915
1727.5966,10.8079
1729.1806,10.8184
1730.5966,10.8184
1732.1006,10.8021
1733.6766,10.8303
1735.0926,10.8169
1736.5966,10.8169
1738.1806,10.8392
1739.5968,10.8392
1741.0926,10.8106
1742.5966,10.8106
1744.1007,10.8106
1745.5967,10.8337
1747.1006,10.8337
1748.5966,10.8337
1750.0926,10.8186
1751.6766,10.8355
1753.1405,10.8656
1754.5966,10.8656
1756.1806,10.7796
1757.5967,10.8025
1759.0925,10.8025
1760.5965,10.8025
1762.1006,10.8145
1763.5965,10.8145
1765.0927,10.8145
1766.5965,10.8145
1768.0925,10.8215
1769.7247,10.8297
1771.1965,10.8165
1772.6926,10.8165
1774.3325,10.8356
1775.7485,10.8356
1777.2445,10.8346
1778.8285,10.8278
1780.2445,10.8278
1781.7485,10.8353
1783.3245,10.8180
1784.8285,10.8180
1786.2445,10.8180
1787.7485,10.8194
1789.3245,10.8295
1790.7485,10.8194
1792.2445,10.8194
1793.8285,10.8055
1795.2446,10.8055
1796.7485,10.8141
1798.3245,10.8180
1799.7486,10.8180
1801.2445,10.8193
1802.7485,10.8193
1804.2446,10.8193
1805.7485,10.8229
1807.2444,10.8157
1808.8284,10.8197
1810.2446,10.8197
1811.7486,10.8183
1813.3725,10.8083
1814.7964,10.8083
1816.2925,10.8083
1817.7965,10.8070
1819.3724,10.8077
1820.7964,10.8077
1822.2926,10.8139
1823.8764,10.8302
1825.2926,10.8302
1826.7964,11.1983
1828.4285,11.1932
1829.8444,11.2009
1831.3485,11.2009
1832.9245,11.2349
1834.3486,11.2580
1835.8444,11.2580
1837.4284,11.2753
1838.8446,11.2753
1840.3485,11.2634
1841.9244,11.2559
1843.3484,11.2559
1844.8445,11.2424
1846.4284,11.2303
1847.8444,11.2303
1849.3405,11.2430
1850.9725,11.2376
1852.3964,11.2376
1853.8924,11.2490
1855.3964,11.2381
1856.8924,11.2514
1858.4763,11.2480
1859.8925,11.2480
1861.3964,10.3293
1862.8923,11.5267
1864.3965,11.5413
1865.9724,11.5746
1867.3963,11.5746
1868.8925,11.5746
1870.4764,11.5556
1871.8925,11.5556
1873.3964,11.5680
1874.8923,11.5680
1876.3964,11.5759
1877.9724,11.5711
1879.3964,11.5711
1880.8923,11.5701
1882.4763,11.5624
1883.8923,11.5624
1885.4444,11.5575
1886.9402,11.5893
1888.5243,11.8470
1889.9404,11.8470
1891.4443,11.8613
1892.9483,11.8627
1894.4443,11.8356
1895.9404,11.8356
1897.5243,11.8523
1898.9404,11.8665
1900.4443,11.8665
1901.9404,11.8665
1903.4853,11.8525
1904.9404,11.8525
1906.5243,11.9234
1908.0762,11.8906
1909.4922,11.8906
1910.9962,11.8906
1912.5403,11.8914
1914.1243,11.8824
1915.5402,11.8824
1917.0442,11.8824
1918.6203,11.8865
1920.0444,11.8865
1921.5962,11.8694
1923.1723,11.8818
1924.5962,11.8818
1926.0922,11.8410
1927.5963,11.8107
1929.0924,11.8107
1930.5962,11.8107
1932.0922,11.8107
1933.5962,11.8702
1935.0922,11.8702
1936.6282,11.8654
1938.0923,11.8654
1939.5962,11.9128
1941.1722,11.8943
1942.5962,11.8943
1944.0921,12.2056
1945.6762,12.2830
1947.0922,12.2830
1948.5962,12.2830
1950.1722,12.2879
1951.5881,12.2879
1953.0922,12.2809
1954.6442,12.2858
1956.2202,12.2906
1957.6441,12.2906
1959.1402,12.2768
1960.6442,12.2805
1962.1402,12.2815
1963.6442,12.2803
1965.2201,12.2803
1966.6441,12.2834
1968.1403,12.2834
1969.7243,12.2670
1971.1402,12.2670
1972.6443,12.2670
1974.2203,12.2801
1975.6441,12.2801
1977.1483,12.2717
1978.6441,12.2844
1980.2203,12.3015
1981.6441,12.3015
1983.1402,12.2868
1984.7241,12.3053
1986.1401,12.3053
1987.6440,12.2963
1989.2202,12.2977
1990.6440,12.2977
1992.1482,12.2931
1993.6440,12.2801
1995.2202,12.2867
1996.6441,12.2867
1998.1882,12.2808
1999.6922,12.2743
2001.2440,12.2753
2002.8200,12.2829
2004.2441,12.2829
2005.7401,12.2712
2007.3242,12.2776
2008.7401,12.2776
2010.2441,12.5828
2011.8201,12.6407
2013.2442,12.6407
2014.7402,12.6313
2016.2440,12.6233
2017.7401,12.6221
2019.2442,12.6221
2020.8200,12.6354
2022.2441,12.6354
2023.7400,12.6320
2025.3242,12.6287
2026.7400,12.6274
2028.2441,12.6274
2029.8200,12.6170
2031.2442,12.6170
2032.7879,12.6250
2034.3721,12.6327
2035.7880,12.6327
2037.2920,12.6385
2038.7959,12.6385
2040.2919,12.6385
2041.7879,12.6171
2043.3722,12.6714
2044.7880,12.6714
2046.2920,11.7510
2047.7880,11.7510
2049.2919,11.7510
2050.7880,12.9881
2052.4200,13.0293
2053.8440,13.0293
2055.3400,13.0174
2056.9241,13.0105
2058.3400,13.0118
2059.8360,13.0118
2061.4679,12.9978
2062.8920,12.9978
2064.3879,12.9847
2065.8921,12.9847
2067.3879,12.9885
2068.8919,12.9885
2070.4680,12.9719
2071.8919,12.9924
2073.3879,12.9924
2074.8920,12.9679
2076.3879,12.9876
2077.9721,12.9882
2079.3880,12.9768
2080.8920,12.9768
2082.4679,12.9710
2083.8920,12.9710
2085.3879,12.9566
2086.8919,12.9566
2088.4679,12.9717
2089.8921,12.9717
2091.3879,12.9620
2092.9720,12.9695
2094.3879,12.9695
2095.8919,12.9681
2097.4678,12.9942
2098.8919,12.9831
2100.3878,12.9831
2101.8919,13.2034
2103.4678,13.3114
2104.8920,13.3114
2106.3879,13.3051
2107.9720,13.3051
2109.3960,13.3006
2110.8920,13.3006
2112.5239,13.3100
2113.9398,13.3100
2115.4358,13.3100
2117.0198,13.3065
2118.4358,13.3065
2119.9398,13.3008
2121.5239,13.3179
2122.9398,13.3132
2124.4358,13.3132
2126.0199,13.3095
2127.4358,13.3095
2128.9398,13.3218
2130.5239,13.3096
2131.9398,13.3096
2133.4357,13.3192
2135.0199,13.5337
2136.4358,13.5337
2137.9398,13.6000
2139.5158,13.6283
2140.9398,13.6283
2142.4358,13.6431
2144.0198,13.6383
2145.4358,13.6383
2146.9397,13.6573
2148.4358,13.6573
2149.9397,13.6573
2151.4358,13.6433
2153.0679,13.6272
2154.4918,13.6272
2155.9878,13.6517
2157.5788,13.6297
2159.0839,13.6338
2160.4918,13.6338
2162.0679,13.6299
2163.4917,13.6299
2164.9877,13.6299
2166.5717,13.6556
2168.0700,13.6419
2169.4918,13.6419
2170.9877,13.6464
2172.4917,13.6418
2174.0677,12.7978
2175.4917,12.7978
2176.9878,14.0061
2178.5717,14.0127
2179.9877,14.0127
2181.4917,14.0141
2183.0677,14.0127
2184.4918,14.0127
2185.9877,14.0134
2187.4917,14.0307
2189.1237,14.0227
2190.5397,14.0227
2192.0357,14.0408
2193.5397,14.0366
2195.1157,14.0374
2196.5397,14.0374
2198.0358,14.0475
2199.6196,14.0475
2201.0357,14.0366
2202.5397,14.0366
2204.1158,14.0602
2205.5396,14.0602
2207.0356,14.0449
2208.6196,14.0449
2210.0357,14.0369
2211.5396,14.0369
2213.0356,14.0369
2214.5396,14.0369
2216.0357,14.0182
2217.6196,13.9957
2219.0358,14.0151
2220.5396,14.0151
2222.1636,14.0222
2223.5876,14.0222
2225.0837,13.3759
2226.6677,14.4858
2228.0836,14.4858
2229.6356,14.4968
2231.2196,14.5000
2232.6355,14.5000
2234.1396,14.4955
2235.7156,14.4756
2237.1396,14.4859
2238.6357,14.4859
2240.2196,14.4950
2241.6356,14.4950
2243.1397,14.4763
2244.6356,14.5030
2246.1877,14.4980
2247.7716,14.4990
2249.1876,14.4990
2250.6836,14.4883
2252.2689,14.4709
2253.6836,14.4709
2255.1877,14.4980
2256.7717,14.4872
2258.1875,14.4872
2259.6836,14.4922
2261.2675,14.4980
2262.6835,14.4980
2264.1876,14.4980
2265.6836,14.4980
2267.1875,15.1089
2268.6835,15.1089
2270.2677,15.0644
2271.6836,15.0644
2273.1877,15.0642
2274.7717,15.0388
2276.2036,15.0388
2277.6835,15.0388
2279.2675,15.0522
2280.6837,15.0522
2282.1875,15.0424
2283.6835,15.0429
2285.1876,15.0429
2286.6835,15.0438
2288.2676,15.0398
2289.6835,15.0398
2291.1875,15.0409
2292.7635,15.0545
2294.1874,15.0534
2295.6835,15.0534
2297.2674,15.0154
2298.6835,15.0154
2300.1874,15.0483
2301.7635,15.0477
2303.1875,15.0477
2304.6836,15.0426
2306.2675,15.0527
2307.6835,15.0527
2309.1877,15.0537
2310.6834,15.0400
2312.2674,14.1000
2313.6836,14.1000
2315.1876,15.3439
2316.7635,15.3663
2318.1876,15.3663
2319.6834,15.3598
2321.2674,15.3637
2322.6834,15.3637
2324.1876,15.3629
2325.7634,15.3629
2327.1876,15.3629
2328.6836,15.3675
2330.2674,15.3709
2331.6834,15.3709
2333.1876,15.3772
2334.7634,15.3764
2336.1876,15.3764
2337.6834,15.3764
2339.2674,15.3764
2340.6834,15.3764
2342.1874,15.3764
2343.7634,15.3723
2345.1874,15.3723
2346.6834,15.3765
2348.2674,15.3758
2349.6834,15.3758
2351.1875,15.3691
2352.7633,15.3691
2354.1875,15.3691
2355.6834,15.3749
2357.2675,15.3796
2358.6834,15.3796
2360.1875,15.3765
2361.7633,15.3798
2363.1874,15.3917
2364.6833,15.3917
2366.2673,15.3851
2367.6833,15.3851
2369.1874,15.3851
2370.7634,15.4056
2372.1875,15.6252
2373.6833,15.6252
2375.2673,15.8342
2376.6833,15.8342
2378.1875,15.7940
2379.8195,15.8263
2381.2354,15.8263
2382.7312,15.8027
2384.3154,15.8012
2385.7313,15.8022
2387.2353,15.8022
2388.8113,15.8022
2390.2353,15.8022
2391.7313,15.7897
2393.3153,15.7943
2394.7312,15.7943
2396.2352,15.8070
2397.8113,15.8062
2399.2352,15.8062
2400.7313,15.8062
2402.3153,15.8048
2403.8113,15.8110
2405.2353,15.8110
2406.7313,15.8192
2408.2355,16.2443
2409.8113,16.2995
2411.2354,16.2995
2412.7312,16.3089
2414.3153,16.3173
2415.7312,16.3173
2417.2834,16.3313
2418.8672,16.3277
2420.2833,16.3277
2421.7794,16.3404
2423.3632,16.3149
2424.7873,16.3149
2426.2834,16.3163
2427.7793,16.3163
2429.3632,16.3305
2430.7794,16.3305
2432.2832,16.3152
2433.8594,16.3270
2435.2833,16.3270
2436.7792,16.3223
2438.3633,16.3322
2439.7792,16.3322
2441.2832,16.3236
2442.8672,16.3483
2444.2832,16.3326
2445.7792,16.3326
2447.3632,16.3285
2448.7792,16.3285
2450.2832,16.3109
2451.8671,16.3188
2453.2832,16.3188
2454.7792,16.3402
2456.4111,16.3387
2457.8352,16.3387
2459.3312,16.7927
2460.9631,16.7943
2462.3792,16.7943
2463.8832,16.7933
2465.4593,16.7972
2466.8833,16.7972
2468.3791,16.7972
2469.8833,16.7972
2471.3793,16.7972
2472.8831,16.7972
2474.3791,16.7972
2475.8832,16.8005
2477.3872,16.8005
2478.8833,16.8005
2480.3792,16.7833
2481.8832,16.8261
2483.3793,16.8261
2484.8831,16.8473
2486.4591,16.8377
2487.8831,16.8377
2489.3792,15.8970
2490.9632,17.3419
2492.3792,17.3419
2493.8833,17.3039
2495.3792,17.3039
2496.9631,17.3086
2498.3791,17.3086
2499.9313,17.3086
2501.4352,17.3035
2503.0111,17.3193
2504.4351,17.3193
2505.9311,17.3154
2507.5150,17.3185
2509.0031,17.3199
2510.4831,17.3199
2511.9791,17.3199
2513.4832,17.3079
2515.0591,17.3131
2516.4832,17.3131
2517.9792,17.3196
2519.5631,17.3229
2520.9790,17.3078
2522.4832,17.3078
2523.9790,17.3201
2525.4832,17.3256
2527.0670,17.3142
2528.4830,17.3142
2529.9792,17.3310
2531.5630,17.3295
2532.9791,17.3295
2534.5311,17.3300
2536.0271,17.3306
2537.6111,17.3240
2539.0351,17.3240
2540.5310,17.3230
2542.1150,17.3142
2543.6030,17.3200
2545.0830,17.3200
2546.6591,17.3200
2548.0830,17.3200
2549.5792,17.3290
2551.1630,17.3213
2552.5791,17.3213
2554.0830,17.3213
2555.6591,17.3146
2557.0831,17.3146
2558.5790,17.3348
2560.1630,17.3348
2561.5789,17.3348
2563.0831,17.3253
2564.5789,17.3172
2566.1630,17.3172
2567.6430,17.3115
2569.1310,17.3115
2570.7629,17.3115
2572.1790,17.3115
2573.6831,17.3127
2575.1790,17.3298
2576.6829,17.3298
2578.1789,17.3309
2579.6829,17.3309
2581.2589,17.3303
2582.6830,17.3303
2584.1790,17.3249
2585.7629,17.3193
2587.1789,17.3334
2588.6830,17.3334
2590.2590,17.3219
2591.6829,17.3219
2593.1789,17.3330
2594.7629,17.3240
2596.1789,17.3240
2597.6829,16.6357
2599.1790,16.6357
2600.6829,16.6357
2602.1790,17.7246
2603.7630,17.7336
2605.1791,17.7336
2606.6828,17.7286
2608.2589,17.7238
2609.6829,17.7238
2611.1788,17.7245
2612.8109,17.7313
2614.2268,17.7313
2615.7309,17.7301
2617.3068,17.7332
2618.7308,17.7261
2620.2268,17.7261
2621.7308,17.7261
2623.3068,17.7357
2624.7308,17.7357
2626.2268,17.7228
2627.8109,16.9993
2629.2270,16.9993
2630.7309,18.2677
2632.2348,18.2677
2633.7310,18.2677
2635.2268,18.2677
2636.7308,18.2677
2638.2268,18.2677
2639.7308,18.2677
2641.2268,18.2881
2642.7308,18.2881
2644.2268,18.2881
2645.7308,18.2778
2647.2268,18.2943
2648.7308,18.2943
2650.3070,18.2797
2651.7307,18.2635
2653.2268,18.2635
2654.7308,18.2670
2656.2269,18.2928
2657.7308,17.6536
2659.2268,17.6536
2660.8109,18.6783
2662.2268,18.6773
2663.7308,18.6773
2665.3068,18.6758
2666.7309,18.6758
2668.2267,18.6845
2669.7307,18.6845
2671.3069,18.6678
2672.7308,18.6600
2674.2267,18.6600
2675.7308,18.6880
2677.2829,18.6607
2678.8589,18.6740
2680.2747,18.6740
2681.7787,18.6655
2683.4108,18.6834
2684.8267,18.6834
2686.3307,18.6715
2687.9069,18.6833
2689.3307,18.6833
2690.8347,18.6833
2692.3307,19.3334
2693.9067,19.3998
2695.3307,19.3998
2696.8746,19.4190
2698.3787,19.4179
2699.9627,19.4615
2701.3787,19.4615
2702.8746,19.4668
2704.3788,19.4668
2705.8748,19.4668
2707.3787,19.4621
2708.8748,19.4621
2710.4587,19.4589
2711.8746,19.4589
2713.3788,19.4529
2715.0107,19.4529
2716.4266,19.4529
2717.9307,19.4620
2719.4266,19.4710
2720.9306,19.4710
2722.4267,19.4790
2723.9306,19.4674
2725.5066,19.4687
2726.9306,19.4687
2728.4267,17.6610
2730.0106,19.9698
2731.4267,19.9698
2732.9307,20.0190
2734.4266,20.0190
2735.9308,20.0190
2737.4267,20.0232
2739.0586,20.0303
2740.4746,20.0303
2741.9787,20.0751
2743.4748,20.0751
2744.9786,20.0751
2746.5626,20.1226
2747.9786,20.0924
2749.4746,20.0924
2750.9786,20.0924
2752.4747,20.0924
2753.9787,20.1134
2755.6107,20.0823
2757.0266,20.0823
2758.5306,20.0948
2760.0746,20.0983
2761.5785,20.0983
2763.0746,20.0893
2764.5786,20.0893
2766.0746,20.0893
2767.5787,20.0893
2769.0746,20.0893
2770.6585,20.1514
2772.0745,20.1514
2773.5787,19.2044
2775.0745,20.5051
2776.5786,20.5051
2778.0745,20.5051
2779.5787,20.5051
2781.0745,20.4709
2782.5787,20.4709
2784.0744,20.4709
2785.5785,20.4709
2787.0745,20.4748
2788.5786,20.4748
2790.0745,20.4748
2791.5785,20.4748
2793.1225,20.5012
2794.6266,20.5125
2796.2585,20.4880
2797.6747,20.4894
2799.1785,20.4894
2800.6746,20.4894
2802.1786,20.4894
2803.6744,20.4991
2805.2585,20.4922
2806.6744,20.4827
2808.1785,20.4827
2809.6744,20.4814
2811.1785,20.4814
2812.7306,19.6923
2814.2267,20.9777
2815.7225,20.9398
2817.2264,20.9398
2818.7224,20.9398
2820.2264,20.9566
2821.7224,20.9360
2823.2265,20.9360
2824.7225,20.9624
2826.3064,20.9784
2827.7224,20.9784
2829.2264,20.9791
2830.8025,21.0317
2832.2265,21.0317
2833.7224,21.0214
2835.3065,21.0214
2836.7224,21.0214
2838.2264,21.0062
2839.7305,21.0062
2841.2264,21.0062
2842.7224,20.9787
2844.3064,20.9856
2845.7225,20.9856
2847.2266,20.9897
2848.8024,20.9828
2850.2424,20.9877
2851.7224,20.9877
2853.2265,20.9877
2854.7224,20.9877
2856.2265,20.9823
2857.8104,20.9823
2859.2263,20.9823
2860.7225,20.9823
2862.2265,20.9944
2863.7224,20.9944
2865.2265,20.9944
2866.7225,20.9908
2868.2263,20.9862
2869.7225,20.9862
2871.2265,20.9528
2872.7224,20.9528
2874.2743,20.9801
2875.7784,20.9801
2877.2743,20.9801
2878.7703,20.0401
2880.2745,20.0401
2881.7703,21.4741
2883.2743,21.4741
2884.8262,21.4666
2886.4583,21.4717
2887.8744,21.4717
2889.3703,21.4810
2890.9544,21.4711
2892.3705,21.4711
2893.8744,21.4604
2895.4583,21.4723
2896.8742,21.4723
2898.3704,21.4581
2899.8743,21.4581
2901.3702,21.4512
2902.8743,21.4512
2904.4503,21.4627
2905.8743,21.4627
2907.3783,21.4627
2908.8743,21.4345
2910.4583,21.4411
2911.9622,21.4091
2913.4264,21.4091
2914.9222,21.4091
2916.4264,21.4091
2917.9224,21.4375
2919.4264,21.4375
2920.9222,21.4375
2922.4264,21.4663
2924.0022,21.4618
2925.4261,21.4431
2926.9222,21.4431
2928.5062,21.4533
2929.9224,21.4533
2931.4264,21.4498
2932.9224,21.4498
2934.4264,21.4498
2935.9702,21.4506
2937.4743,21.4506
2938.9702,21.4506
2940.5544,21.4094
2941.9782,21.4094
2943.5222,21.4568
2945.1542,21.4235
2946.5702,21.4235
2948.0742,21.4450
2949.6582,21.4581
2951.0742,21.4581
2952.5702,21.4581
2954.1542,21.4545
2955.5702,21.4545
2957.1221,21.4637
2958.7062,21.5392
2960.1222,21.5392
2961.6262,21.5244
2963.1221,21.5043
2964.6262,21.5043
2966.1221,21.5100
2967.6263,21.5100
2969.1221,21.5100
2970.6261,21.4926
2972.2503,21.5279
2973.6743,21.5279
2975.1702,21.5461
2976.6741,21.5461
2978.1701,21.5280
2979.6740,21.5280
2981.1701,21.5280
2982.6741,21.5280
2984.2263,21.5280
2985.7220,21.5068
2987.2263,21.5068
2988.7221,21.5068
2990.2183,21.5068
2991.7220,21.5068
2993.2263,21.4642
2994.7221,21.5241
2996.2263,21.5241
2997.7221,21.5003
2999.2182,21.5003
3000.8021,21.5308
3002.2182,21.5308
3003.7221,21.5412
3005.3061,21.5400
3006.7220,21.5400
3008.2182,21.5330
3009.7221,21.5330
3011.3060,22.1126
3012.7220,22.1126
3014.2261,22.0983
3015.7700,22.1021
3017.2740,22.1021
3018.7700,22.1021
3020.3540,22.0819
3021.7700,22.0819
3023.2741,22.1043
3024.7703,22.1043
3026.3540,22.0985
3027.7700,22.0985
3029.2741,22.1030
3030.8500,22.1270
3032.2741,22.1096
3033.7700,22.1096
3035.4019,22.1220
3036.8260,22.1361
3038.3220,22.1361
3039.8980,22.1182
3041.3220,22.1182
3042.8740,22.0630
3044.3700,22.0630
3045.8739,22.1150
3047.3700,22.0928
3048.8740,22.0928
3050.3700,22.0928
3051.8740,22.1200
3053.3700,22.1375
3054.8740,22.1375
3056.3700,22.1375
3058.0022,22.1662
3059.4181,22.1662
3061.0022,22.4553
3062.4179,22.4553
3063.9219,22.4680
3065.5539,22.4726
3066.9699,22.4726
3068.4741,22.4786
3069.9701,22.4786
3071.5540,22.4746
3073.0021,22.4701
3074.4741,22.4701
3075.9698,22.4755
3077.6021,22.4790
3079.0181,22.4790
3080.5220,22.4707
3082.0179,22.4559
3083.5220,22.4559
3085.0260,22.4559
3086.5221,22.4559
3088.0180,22.4559
3089.5220,22.3613
3091.0181,22.4427
3092.5219,22.4427
3094.0178,22.4799
3095.5221,22.4402
3097.0180,22.4402
3098.6019,22.4845
3100.0179,22.4845
3101.5219,22.4845
3103.0181,22.2977
3104.5219,22.2977
3106.0179,22.2977
3107.5221,22.4940
3109.0180,22.4940
3110.5218,22.4940
3112.0179,22.4925
3113.5218,22.4925
3115.0178,22.4925
3116.5220,22.9992
3118.0180,22.9992
3119.5218,22.9992
3121.0180,22.9673
3122.5700,22.9718
3124.1219,22.9645
3125.6979,22.9760
3127.1218,22.9760
3128.6178,22.9842
3130.1220,22.9842
3131.6179,22.9842
3133.1220,22.9729
3134.6178,22.9729
3136.1219,22.9729
3137.6180,22.9634
3139.2498,22.9671
3140.7699,22.9681
3142.1699,22.9681
3143.7459,22.9763
3145.1699,22.9763
3146.6738,22.9754
3148.1698,22.9754
3149.6737,22.9754
3151.2178,22.9790
3152.7219,22.9790
3154.2178,22.9790
3155.7219,22.9890
3157.2177,22.9890
3158.7218,22.9890
3160.2179,22.9890
3161.7217,22.9811
3163.3539,22.9759
3164.7698,22.9759
3166.2738,22.9759
3167.7697,23.5257
3169.2659,23.5257
3170.7697,23.5161
3172.2658,23.5161
3173.8499,23.5590
3175.2659,23.5590
3176.7699,23.5272
3178.2737,23.5272
3179.7698,23.5272
3181.2657,23.5272
3182.7698,23.5272
3184.2658,23.5122
3185.8979,23.5000
3187.3217,23.5000
3188.8179,23.5000
3190.3217,23.5000
3191.8178,23.5000
3193.3216,23.4796
3194.8175,23.4796
3196.3216,23.4796
3197.9537,23.5152
3199.3697,23.5152
3200.8657,23.4987
3202.3697,23.4987
3203.8657,23.4987
3205.3697,23.5158
3206.8657,23.5158
3208.3697,23.5158
3209.8657,23.5078
3211.3697,23.5078
3212.8657,23.5078
3214.3697,23.5078
3215.8736,23.5078
3217.3698,23.4795
3218.8657,23.4795
3220.3695,23.4795
