*****Zigbee协调器传来的各个节点RSSI信息*****
Timestamp,Tx ID，R00，R01，R02，R03，R04，R05，R06，R07，R08，R09，R10，R11，R12，R13
11.3438,47,
11.3499, 6,79,63,85,66,64, 0,84,72,82,75,75,55,72,
11.3598,13,67,67,60,63,83,76,88,81,81,89,83,66, 0,
11.3650, 8,76,76,72,77,67,74,83, 0,54,58,59,76,79,
11.3728, 2,72, 0,66,69,64,66,91,76,72,81,73,69,66,
11.3751, 5,85,64,63,66, 0,68,78,68,75,78,73,52,84,
11.3763, 3,67,67, 0,71,63,87,91,72,75,81,83,68,58,
11.3771, 1, 0,69,67,73,84,81,91,75,76,91,73,70,65,
11.3782, 4,73,67,71, 0,65,69,88,77,81,92,71,64,63,
11.3789,11,74,73,82,71,72,77,75,58,57,81, 0,68,82,
11.3801,12,71,69,68,64,52,59,86,76,66,88,69, 0,65,
11.3810, 9,77,72,75,81,74,83,78,54, 0,62,57,66,81,
11.3817,10,92,83,83,93,79,78,94,61,64, 0,82,88,90,
11.3823,13,66,66,59,64,83,76,88,80,81,91,82,66, 0,
11.3829, 8,75,76,71,77,67,74,83, 0,54,58,58,76,80,
11.4207, 2,69, 0,66,68,65,66,91,76,72,82,73,68,66,
11.4418, 5,85,65,63,66, 0,68,78,68,75,78,72,52,84,
11.4520, 3,68,66, 0,71,63,87,92,72,75,81,83,69,58,
11.4637, 1, 0,70,68,73,83,81,91,75,76,90,74,71,64,
11.5022,11,73,73,83,71,72,77,75,59,57,81, 0,69,82,
11.5219,12,70,68,68,64,52,59,86,76,66,88,69, 0,66,
11.5429,10,90,82,82,93,78,78,94,60,64, 0,82,88,91,
11.5992,13,66,65,60,64,84,76,88,80,81,91,82,66, 0,
11.6202, 8,76,77,71,77,67,74,83, 0,54,58,59,76,80,
11.7186, 3,69,66, 0,71,63,87,92,72,75,81,84,68,58,
11.7565,11,73,73,82,71,72,77,75,58,57,81, 0,67,82,
11.8268, 7,90,90,91,86,76,84, 0,81,77,92,75,84,87,
11.8659, 8,76,77,71,77,67,74,83, 0,54,58,58,76,80,
12.0383, 9,78,72,75,81,75,83,78,54, 0,62,57,66,82,
12.0984, 7,90,90,91,86,76,84, 0,81,77,92,75,84,87,
12.0994, 6,80,62,86,66,64, 0,84,71,82,75,75,55,72,
12.1766, 2,70, 0,64,68,64,65,91,77,72,81,74,69,66,
12.1888, 5,84,64,63,66, 0,68,78,68,75,78,73,52,84,
12.2448, 4,73,69,71, 0,65,69,87,78,81,91,71,64,63,
12.3215, 7,90,89,91,86,76,84, 0,81,77,92,75,84,87,
12.3405, 6,80,62,86,66,64, 0,84,71,82,75,75,55,72,
12.4589, 3,69,65, 0,72,63,86,92,72,75,81,83,68,58,
12.4789, 1, 0,67,66,75,79,83,91,75,75,90,73,70,66,
12.4922, 4,75,69,71, 0,65,69,88,78,81,91,71,64,63,
12.5320,12,69,68,68,64,52,58,86,75,66,86,69, 0,65,
12.5356, 9,77,72,75,81,75,83,78,54, 0,62,57,66,82,
12.5520,10,92,84,82,93,78,78,95,61,64, 0,82,89,91,
12.5922, 6,82,62,84,67,64, 0,84,71,82,75,75,55,72,
12.5943,13,67,66,60,64,83,75,89,82,84,90,82,66, 0,
12.6126, 8,76,77,71,77,67,74,84, 0,54,58,59,75,80,
12.6692, 2,67, 0,65,69,64,66,91,77,72,82,74,68,65,
12.6910, 5,81,64,63,66, 0,68,77,67,75,78,73,52,83,
12.7275, 1, 0,66,66,74,81,84,90,75,76,91,73,68,66,
12.7464, 4,75,69,71, 0,65,69,87,77,81,94,71,63,63,
12.7857,12,69,68,68,64,52,58,86,75,66,88,69, 0,66,
12.7874, 9,77,72,75,81,75,84,77,54, 0,62,57,66,82,
12.8055,10,90,83,82,93,79,78,95,61,64, 0,82,89,91,
12.8249, 6,82,62,84,66,64, 0,84,71,82,75,75,55,72,
12.8409,13,67,66,60,64,83,75,89,81,82,90,81,66, 0,
12.9211, 2,66, 0,65,69,64,66,91,77,72,83,74,68,66,
12.9407, 5,82,64,63,65, 0,68,77,67,75,78,73,52,83,
12.9537, 3,68,66, 0,71,63,89,91,72,75,81,82,68,58,
12.9656, 1, 0,65,67,75,81,83,90,75,76,90,73,69,66,
13.0086, 4,75,69,70, 0,65,69,87,77,81,94,71,63,63,
13.0191,12,70,68,68,64,52,58,86,75,66,88,69, 0,66,
13.0250, 9,77,72,75,81,75,85,77,54, 0,61,57,66,82,
13.0402,10,92,83,82,93,79,78,95,61,64, 0,82,89,91,
13.0786, 6,79,62,84,66,64, 0,84,71,82,75,75,55,72,
13.0996,13,66,67,60,64,84,75,89,81,83,89,81,66, 0,
13.1086, 8,76,78,71,77,67,74,84, 0,54,58,58,75,80,
13.1667, 2,66, 0,66,69,64,66,91,77,72,81,74,68,66,
13.1881, 5,83,64,63,66, 0,68,77,68,75,78,73,52,84,
13.1998, 3,67,66, 0,71,63,86,91,72,75,81,82,67,59,
13.2159, 1, 0,68,66,75,81,81,90,75,77,90,73,69,64,
13.2581, 4,75,68,70, 0,65,69,87,77,81,94,71,63,63,
13.2742,12,70,69,68,64,52,58,86,75,66,87,69, 0,66,
13.2767, 9,77,72,75,81,75,85,77,54, 0,62,57,66,83,
13.2930,10,93,82,82,93,79,78,95,61,64, 0,82,89,91,
13.3332, 6,79,63,85,66,64, 0,84,72,82,75,75,55,72,
13.3511,13,66,67,60,63,84,75,89,81,82,91,81,66, 0,
13.3561, 8,76,77,71,76,67,74,84, 0,54,58,58,75,80,
13.4142, 2,68, 0,66,68,64,66,91,77,72,82,74,69,67,
13.4375, 5,81,64,63,65, 0,68,77,68,75,78,73,52,84,
13.4522, 3,66,66, 0,71,63,87,91,72,75,81,82,68,58,
13.4641, 1, 0,68,66,75,81,81,90,75,77,91,73,70,64,
13.5001, 4,74,67,70, 0,65,69,87,77,81,94,71,64,62,
13.5221,12,70,69,67,64,52,58,86,75,66,88,69, 0,66,
13.5246, 9,77,72,75,82,75,86,77,54, 0,62,57,66,83,
13.5403,10,94,82,82,93,79,78,95,61,64, 0,82,88,91,
13.5584, 7,91,89,91,86,76,85, 0,81,77,93,75,85,87,
13.5775, 6,79,63,84,66,64, 0,84,72,82,75,75,55,73,
13.5905,13,66,67,60,64,84,75,89,81,82,91,81,66, 0,
13.6076, 8,75,77,71,77,67,74,84, 0,54,58,58,75,80,
13.6646, 2,69, 0,66,68,64,66,91,77,72,82,73,69,66,
13.6956, 5,82,64,63,66, 0,68,78,68,75,78,73,52,83,
13.7052, 3,67,66, 0,70,63,87,92,72,75,81,83,68,58,
13.7142, 1, 0,69,66,74,81,81,91,75,77,91,73,70,65,
13.7404, 4,74,67,70, 0,65,69,87,77,81,94,71,64,63,
13.7793,12,71,69,68,64,52,58,86,75,66,88,69, 0,66,
13.7818, 9,76,72,75,82,74,84,77,55, 0,62,57,66,82,
13.7995,10,94,82,82,93,78,78,95,61,64, 0,82,89,91,
13.8314, 6,79,63,85,66,64, 0,84,71,82,75,75,55,73,
13.8396,13,66,67,59,64,84,76,88,81,82,91,81,66, 0,
13.8567, 8,73,76,71,77,66,74,83, 0,54,58,58,75,80,
13.9167, 2,69, 0,66,68,65,66,91,77,72,82,73,68,66,
13.9377, 5,81,64,63,66, 0,68,77,68,75,78,73,52,83,
13.9519, 3,67,66, 0,71,63,87,92,72,75,81,83,68,59,
13.9638, 1, 0,68,66,73,81,81,91,75,77,91,73,70,65,
14.0049, 4,73,67,70, 0,65,69,87,77,81,91,71,64,63,
14.0071,11,73,73,82,71,72,77,75,58,57,79, 0,68,81,
14.0250,12,71,69,68,64,52,58,86,75,66,87,69, 0,66,
14.0271, 9,77,72,75,81,75,85,78,54, 0,62,57,66,81,
14.0479,10,94,83,81,93,78,78,94,61,64, 0,82,89,91,
14.0600, 7,91,89,91,86,76,84, 0,81,77,92,75,85,87,
14.0771, 6,78,63,85,66,64, 0,84,71,82,75,75,55,72,
14.0898,13,66,66,60,64,84,75,88,81,81,91,81,67, 0,
14.1076, 8,75,77,71,76,67,74,83, 0,54,58,58,75,80,
14.1819, 2,70, 0,66,68,64,66,91,76,72,81,73,69,66,
14.1895, 5,81,64,63,66, 0,68,77,67,75,78,73,52,83,
14.2014, 3,67,65, 0,71,63,87,92,72,75,81,83,68,58,
14.2197, 1, 0,69,66,73,81,80,91,75,77,91,73,70,64,
14.2397, 4,73,68,70, 0,66,69,87,77,81,91,71,64,63,
14.2540,11,73,72,82,71,72,77,76,59,57,81, 0,69,82,
14.2691,12,71,69,68,64,52,58,86,75,66,88,69, 0,66,
14.2737, 9,78,72,75,81,75,84,78,54, 0,62,57,66,81,
14.2878,10,93,82,82,94,78,78,94,61,64, 0,81,89,91,
14.3110, 7,91,89,91,86,76,84, 0,82,77,92,75,85,87,
14.3480,13,66,66,59,64,84,75,89,81,81,91,82,67, 0,
14.3683, 8,75,76,71,76,67,74,84, 0,54,58,59,75,80,
14.4271, 2,69, 0,66,68,64,66,91,77,72,82,73,69,66,
14.4463, 5,82,64,63,65, 0,68,77,67,75,78,72,52,83,
14.4510, 3,67,66, 0,71,63,87,92,72,75,81,83,68,58,
14.4652, 1, 0,69,66,73,81,80,91,75,77,92,73,70,65,
14.5222,12,70,69,67,64,52,58,86,75,66,88,69, 0,66,
14.5445,10,93,82,81,94,78,78,95,61,64, 0,82,89,91,
14.5605, 7,91,89,91,86,76,84, 0,81,77,92,75,85,87,
14.5984,13,66,66,60,64,84,75,89,81,81,91,82,66, 0,
14.6185, 8,75,76,71,76,67,74,83, 0,54,58,59,75,80,
14.7158, 3,67,66, 0,71,63,87,91,72,75,81,83,68,59,
14.8735, 8,75,76,71,76,67,74,84, 0,54,58,58,75,80,
15.0224, 9,78,72,75,81,75,84,78,54, 0,61,57,66,82,
15.0754, 7,91,89,91,86,76,84, 0,81,77,92,75,85,87,
15.0763, 6,78,63,85,66,64, 0,84,72,81,75,75,55,72,
15.1690, 2,69, 0,66,68,64,66,91,77,72,82,73,69,66,
15.1882, 5,83,64,63,65, 0,68,78,68,75,78,72,52,83,
15.2684,11,73,72,83,71,72,78,75,59,57,81, 0,68,82,
15.3269, 7,91,89,91,86,76,84, 0,81,77,92,75,85,87,
15.3415, 6,78,62,85,66,64, 0,84,72,81,75,75,55,72,
15.4658, 3,67,66, 0,71,63,86,91,72,75,81,84,68,59,
15.4679, 1, 0,69,67,73,82,81,91,75,77,92,73,70,65,
15.4909, 4,74,68,70, 0,65,69,87,77,81,93,72,64,63,
15.5276,12,70,69,68,64,52,58,86,75,66,88,69, 0,66,
15.5289, 9,78,72,75,81,75,85,78,54, 0,61,57,66,82,
15.5488,10,92,82,82,94,79,78,93,61,64, 0,82,89,91,
15.5607, 7,90,89,91,86,76,84, 0,81,76,92,75,85,87,
15.5768, 6,79,62,84,66,64, 0,85,72,81,75,75,55,72,
15.5918,13,66,67,60,64,83,75,89,80,81,91,82,66, 0,
15.6059, 8,75,76,71,77,67,74,84, 0,54,58,58,75,79,
15.6623, 2,69, 0,66,68,64,66,91,76,72,81,73,69,66,
15.6880, 5,83,64,63,66, 0,68,78,67,75,78,73,52,83,
15.7279, 1, 0,68,67,73,81,81,91,75,77,91,73,69,64,
15.7486, 4,74,68,70, 0,65,69,87,77,81,93,71,64,63,
15.7667,12,70,69,68,64,52,58,86,75,66,88,69, 0,66,
15.7767, 9,78,72,75,81,75,84,78,54, 0,62,57,66,81,
15.7909,10,92,82,82,94,79,78,93,61,64, 0,82,89,91,
15.8279, 6,79,63,84,66,64, 0,85,71,82,74,75,55,72,
15.8492,13,66,67,60,63,84,75,89,80,82,91,82,66, 0,
15.9290, 2,69, 0,66,68,64,66,91,76,72,81,73,69,66,
15.9368, 5,82,64,63,66, 0,68,78,67,75,78,72,52,83,
15.9539, 3,68,66, 0,71,63,87,92,72,75,81,83,68,58,
15.9659, 1, 0,68,67,74,81,80,91,75,77,91,73,69,64,
16.0062, 4,74,68,70, 0,65,69,87,77,81,93,71,64,63,
16.0281,12,70,69,68,64,52,59,86,75,66,88,69, 0,66,
16.0305, 9,77,72,75,81,75,85,78,54, 0,62,57,66,81,
16.0404,10,92,82,82,94,79,78,93,61,64, 0,82,89,91,
16.0823, 6,79,63,84,66,64, 0,85,71,82,75,75,55,72,
16.1013,13,66,67,60,64,84,75,89,80,82,91,82,66, 0,
16.1072, 8,75,76,71,77,67,74,84, 0,54,58,58,75,79,
16.1856, 2,68, 0,66,68,64,66,91,76,72,82,73,69,66,
16.2046, 5,82,64,63,66, 0,67,78,68,75,78,72,52,83,
16.2066, 3,68,66, 0,71,63,86,92,72,75,81,83,68,58,
16.2144, 1, 0,68,66,74,81,81,91,75,77,91,73,69,65,
16.2713,12,70,69,68,64,53,58,86,75,66,88,69, 0,65,
16.2924, 9,78,72,75,81,75,84,78,54, 0,61,57,66,81,
16.2932,10,92,82,82,94,79,78,93,61,64, 0,82,89,91,
16.3317, 6,79,62,85,66,64, 0,85,71,82,75,75,55,72,
16.3530,13,67,67,59,64,83,75,89,80,81,90,82,66, 0,
16.3569, 8,75,76,71,77,67,73,84, 0,54,58,58,75,80,
16.4364, 2,68, 0,66,68,64,66,91,77,72,81,73,69,66,
16.4547, 5,82,64,63,66, 0,68,78,67,75,78,72,53,83,
16.4573, 3,67,66, 0,71,63,87,92,72,75,81,83,68,59,
16.4652, 1, 0,67,66,74,81,81,91,75,77,91,73,70,64,
16.5064, 4,75,68,70, 0,65,69,87,77,81,93,71,64,63,
16.5090,11,73,73,83,71,72,77,76,59,57,81, 0,68,82,
16.5279,12,70,69,68,64,52,58,86,75,66,88,69, 0,65,
16.5562, 9,78,72,75,81,75,84,78,54, 0,62,57,66,81,
16.5590,10,93,82,82,94,79,78,93,60,64, 0,82,89,91,
16.5734, 7,90,89,91,86,76,85, 0,82,77,92,75,85,87,
16.5744, 6,79,63,84,66,64, 0,84,71,82,75,75,55,72,
16.5892,13,66,67,60,64,83,75,89,80,82,91,82,66, 0,
16.6076, 8,75,76,71,77,67,74,83, 0,54,58,59,76,80,
16.6691, 2,68, 0,66,68,64,66,91,76,72,81,73,69,66,
16.6888, 5,82,64,63,66, 0,67,78,67,75,78,72,52,83,
16.7030, 3,67,66, 0,71,63,87,91,72,75,81,83,68,58,
16.7153, 1, 0,67,67,74,81,81,91,75,77,91,73,70,65,
16.7545, 4,75,68,70, 0,65,69,87,77,81,93,71,64,62,
16.7745,12,70,69,68,64,53,58,86,76,66,88,69, 0,66,
16.7754, 9,78,72,75,81,75,85,78,55, 0,62,57,66,82,
16.7896,10,93,82,82,94,79,78,94,61,63, 0,82,89,91,
16.8259, 7,91,89,91,86,76,84, 0,82,77,92,75,85,87,
16.8270, 6,79,63,84,66,64, 0,85,71,81,74,75,55,72,
16.8460,13,66,67,59,64,83,75,89,80,82,91,82,66, 0,
16.8559, 8,75,76,71,76,67,74,85, 0,54,58,59,75,79,
16.9185, 2,68, 0,66,68,64,66,91,76,72,81,73,69,66,
16.9388, 5,82,64,63,66, 0,68,77,68,75,78,72,52,83,
16.9536, 3,67,66, 0,71,63,86,92,72,75,81,83,68,58,
16.9656, 1, 0,67,66,74,81,81,91,74,77,91,73,70,65,
17.0054, 4,75,68,70, 0,65,69,88,77,81,93,71,64,62,
17.0066,11,73,72,83,71,72,77,75,58,57,80, 0,68,82,
17.0242,12,70,69,68,64,52,58,86,75,66,88,69, 0,66,
17.0250, 9,78,72,75,81,74,84,78,54, 0,62,57,66,81,
17.0404,10,93,82,82,94,79,78,94,61,64, 0,82,89,91,
17.0744, 6,79,63,85,66,64, 0,83,72,82,75,75,55,72,
17.0957,13,66,67,60,63,83,75,87,80,82,91,82,66, 0,
17.1055, 8,75,76,71,76,66,74,84, 0,54,58,58,75,79,
17.1841, 2,68, 0,66,69,64,66,91,76,72,81,73,69,66,
17.2041, 5,82,64,63,66, 0,68,77,68,75,78,73,52,83,
17.2052, 3,67,66, 0,71,63,87,92,72,75,81,83,67,58,
17.2140, 1, 0,67,67,74,81,81,91,75,77,91,73,70,65,
17.2757,12,70,69,68,64,52,58,86,75,66,88,69, 0,65,
17.2948, 9,78,72,75,81,75,84,78,55, 0,62,57,66,81,
17.2974,10,92,82,82,94,79,78,93,61,63, 0,82,89,91,
17.3107, 7,90,89,90,86,76,84, 0,81,77,92,75,85,87,
17.3566,13,66,67,60,63,83,75,89,80,82,90,82,66, 0,
17.3740, 8,75,76,71,76,67,74,84, 0,54,58,58,75,79,
17.4325, 2,68, 0,66,68,64,66,91,76,72,81,73,69,66,
17.4532, 5,82,64,63,65, 0,68,77,67,75,78,73,52,81,
17.4554, 3,68,65, 0,71,63,87,91,72,75,81,84,68,59,
17.4931, 1, 0,68,67,74,81,81,91,75,77,91,73,70,64,
17.5201,12,70,69,68,64,53,58,86,75,66,88,69, 0,66,
17.5411,10,92,82,82,94,79,78,94,61,63, 0,82,89,91,
17.5605, 7,90,90,91,86,76,84, 0,81,77,92,75,85,87,
17.5963,13,66,67,59,63,83,75,89,80,82,90,82,66, 0,
17.6188, 8,76,76,71,76,67,74,84, 0,54,58,59,75,79,
17.7186, 3,68,65, 0,71,63,87,91,72,75,81,84,68,58,
17.8655, 8,76,76,71,76,67,74,84, 0,54,58,59,75,79,
18.0365, 9,78,72,75,81,75,84,77,54, 0,62,57,66,81,
18.0896, 6,79,63,84,66,64, 0,84,72,81,74,75,55,72,
18.1822, 2,68, 0,66,68,64,65,90,76,72,81,73,69,66,
18.2024, 5,82,64,63,65, 0,68,77,67,75,78,72,53,83,
18.2611,11,73,72,83,71,72,77,76,58,57,80, 0,68,81,
18.3166, 7,90,90,91,86,76,84, 0,81,77,92,75,85,87,
18.3343, 6,79,62,84,66,64, 0,85,72,81,74,75,55,72,
18.4580, 3,68,65, 0,71,63,86,92,72,75,81,84,68,58,
18.4784, 1, 0,67,67,74,81,81,91,75,77,91,73,70,64,
18.4933, 4,75,68,71, 0,64,69,88,77,81,93,72,64,63,
18.5061,11,73,72,83,71,72,77,75,58,57,80, 0,68,81,
18.5220,12,70,69,68,64,53,58,86,75,66,88,69, 0,66,
18.5244, 9,77,72,75,81,75,84,78,54, 0,62,57,66,81,
18.5389,10,92,82,82,93,79,78,94,61,64, 0,82,89,91,
18.5593, 7,91,90,91,86,76,84, 0,81,77,92,75,85,87,
18.5793, 6,80,62,84,66,64, 0,84,72,82,75,75,55,72,
18.5912,13,66,67,60,64,83,75,89,80,81,91,82,66, 0,
18.6084, 8,75,75,71,76,67,74,84, 0,54,58,59,75,79,
18.6663, 2,68, 0,65,68,64,66,91,76,72,81,73,69,66,
18.6893, 5,82,64,63,65, 0,68,78,67,75,78,72,52,83,
18.7284, 1, 0,68,67,75,82,81,91,75,77,91,73,70,64,
18.7484, 4,75,68,71, 0,65,69,88,77,81,93,71,64,63,
18.7532,11,73,73,83,71,72,77,76,59,57,80, 0,68,82,
18.7713,12,70,69,68,64,52,58,86,75,66,88,69, 0,66,
18.7743, 9,78,72,75,81,75,84,78,54, 0,62,57,66,81,
18.7894,10,92,82,82,94,79,78,94,61,64, 0,82,89,91,
18.8278, 6,80,62,84,66,64, 0,84,72,81,75,75,55,72,
18.8496,13,66,67,60,63,83,75,89,80,81,90,82,66, 0,
18.9289, 2,68, 0,65,68,64,66,91,76,72,81,73,69,66,
18.9503, 5,82,64,63,66, 0,67,78,67,75,78,73,52,83,
18.9526, 3,68,65, 0,71,63,86,92,72,75,81,83,68,58,
18.9920, 1, 0,68,67,75,81,81,91,75,76,91,73,70,65,
18.9943, 4,75,68,71, 0,65,69,88,77,81,93,71,64,63,
19.0241,12,70,69,67,64,52,58,86,75,66,88,69, 0,66,
19.0265, 9,78,72,75,81,75,84,78,54, 0,62,57,66,81,
19.0431,10,92,82,82,94,78,78,94,61,64, 0,82,89,91,
19.0828, 6,79,62,85,66,64, 0,84,72,82,75,75,55,72,
19.1047,13,66,67,59,64,83,75,89,80,81,91,82,66, 0,
19.1070, 8,75,76,71,77,67,74,84, 0,54,58,59,75,77,
19.1825, 2,68, 0,66,68,64,66,91,76,72,81,73,69,67,
19.1872, 5,81,64,63,66, 0,67,78,68,75,78,73,52,83,
19.2039, 3,68,66, 0,71,63,87,92,72,75,81,83,68,58,
19.2246, 1, 0,68,67,75,81,81,91,74,77,91,73,70,65,
19.2408, 4,75,68,71, 0,66,69,88,77,81,93,71,64,62,
19.2810,12,70,69,67,64,52,58,86,75,66,88,69, 0,66,
19.2835, 9,78,72,75,81,75,84,78,55, 0,62,57,66,81,
19.3018,10,92,82,82,94,78,78,94,60,64, 0,82,87,91,
19.3409, 6,79,63,85,66,64, 0,84,71,82,74,75,55,72,
19.3433,13,66,67,60,64,83,75,89,80,82,90,82,66, 0,
19.3610, 8,75,76,71,77,67,74,84, 0,54,58,59,76,80,
19.4214, 2,68, 0,65,68,64,66,91,77,72,81,73,69,67,
19.4405, 5,82,64,63,66, 0,68,78,67,75,78,73,52,83,
19.4526, 3,68,65, 0,71,63,87,92,72,75,81,83,68,58,
19.4884, 1, 0,68,67,75,81,81,91,75,77,91,73,69,65,
19.5093, 4,75,68,70, 0,65,69,88,76,81,93,71,64,62,
19.5117,11,73,73,83,71,72,77,76,58,57,81, 0,68,82,
19.5201,12,70,69,68,64,53,58,86,75,66,89,69, 0,65,
19.5235, 9,78,72,75,81,75,84,78,54, 0,62,57,66,81,
19.5418,10,92,82,81,94,78,78,94,61,64, 0,82,89,91,
19.5789, 7,90,90,91,86,76,85, 0,81,77,92,75,85,87,
19.5813, 6,79,63,85,66,64, 0,85,71,81,75,75,55,72,
19.5919,13,66,67,60,64,84,75,89,81,82,91,82,66, 0,
19.6088, 8,75,76,71,76,66,74,84, 0,54,58,58,75,80,
19.6852, 2,69, 0,66,69,64,66,91,77,72,81,73,69,66,
19.6875, 5,82,65,63,66, 0,68,77,67,75,78,73,52,83,
19.7029, 3,68,66, 0,71,63,87,92,72,75,81,83,68,59,
19.7241, 1, 0,68,67,74,81,81,91,75,77,91,73,69,65,
19.7430, 4,75,68,70, 0,65,69,88,77,81,94,71,64,63,
19.7834,12,70,69,68,64,52,58,86,75,66,88,69, 0,66,
19.7857, 9,78,72,75,81,75,84,78,54, 0,62,57,66,81,
19.8021,10,92,82,81,94,79,78,94,61,64, 0,82,88,91,
19.8127, 7,90,89,91,86,76,84, 0,82,77,92,75,85,87,
19.8294, 6,79,63,85,66,64, 0,84,72,82,75,75,55,72,
19.8423,13,66,67,60,63,84,75,89,80,81,91,82,66, 0,
19.8577, 8,75,76,71,77,67,74,84, 0,54,58,58,75,79,
19.9371, 2,69, 0,65,69,64,66,91,77,72,81,73,69,66,
19.9395, 5,82,65,63,66, 0,67,77,68,75,78,73,52,83,
19.9505, 3,68,66, 0,71,63,87,92,72,75,81,83,68,59,
19.9729, 1, 0,68,67,75,81,81,91,75,77,91,73,69,65,
19.9937, 4,75,68,70, 0,65,69,88,76,81,94,71,64,63,
20.0350,12,69,69,68,64,52,58,86,75,66,88,69, 0,66,
20.0372, 9,78,72,75,81,75,85,78,54, 0,62,57,65,81,
20.0570,10,92,82,81,94,79,78,94,61,64, 0,82,89,91,
20.0610, 7,91,89,91,86,76,84, 0,82,77,92,75,85,87,
20.0761, 6,79,63,85,66,64, 0,84,71,82,75,75,55,72,
20.0901,13,66,67,60,64,83,75,89,80,81,91,82,66, 0,
20.1062, 8,75,76,71,76,67,74,84, 0,54,58,58,75,80,
20.1852, 2,68, 0,65,68,64,66,91,77,72,81,73,69,66,
20.2045, 5,82,64,63,66, 0,68,77,67,75,78,72,52,83,
20.2070, 3,68,66, 0,71,63,87,92,72,75,81,83,68,59,
20.2263, 1, 0,68,67,75,81,81,91,75,77,91,73,69,65,
20.2424, 4,75,69,70, 0,64,69,88,77,81,94,71,64,62,
20.2552,11,73,72,83,71,72,77,76,59,57,81, 0,68,82,
20.2676,12,70,69,68,64,53,58,86,75,66,88,69, 0,66,
20.2743, 9,78,72,75,81,75,84,78,55, 0,62,57,66,81,
20.2905,10,92,82,81,94,79,78,94,61,64, 0,82,89,91,
20.3476,13,66,67,60,64,83,75,88,80,81,90,83,66, 0,
20.3687, 8,75,77,71,76,67,74,84, 0,54,58,59,75,80,
20.4300, 2,68, 0,66,69,64,66,91,77,72,82,73,69,66,
20.4498, 5,82,64,63,66, 0,68,77,68,75,78,73,52,83,
20.4520, 3,68,65, 0,71,63,87,92,72,75,81,83,67,58,
20.4753, 1, 0,68,67,75,81,81,91,75,77,91,73,69,65,
20.5125,11,73,73,82,71,72,77,75,58,57,81, 0,68,82,
20.5324,12,70,69,68,64,53,58,86,75,66,88,69, 0,66,
20.5420,10,92,82,81,94,79,78,94,61,64, 0,82,89,91,
20.5585, 7,90,89,91,86,76,84, 0,81,77,92,75,85,87,
20.5945,13,67,67,59,64,83,75,89,80,81,91,82,66, 0,
20.6155, 8,74,77,71,76,67,74,83, 0,54,58,58,75,80,
20.7088, 3,68,65, 0,71,63,87,92,72,75,81,83,68,58,
20.8208, 7,90,89,91,86,76,84, 0,81,77,92,75,85,87,
20.8782, 8,74,77,71,76,67,74,84, 0,54,58,58,75,80,
21.0378, 9,77,72,75,81,75,84,78,55, 0,62,57,66,82,
21.0596, 7,90,89,91,86,76,84, 0,81,77,92,75,85,87,
21.0769, 6,79,62,85,66,64, 0,85,72,82,75,74,55,72,
21.1778, 2,68, 0,65,69,64,66,91,77,72,82,73,69,66,
21.1964, 5,82,64,63,66, 0,68,77,67,75,78,72,52,83,
21.2515, 4,75,68,70, 0,65,69,88,76,81,93,71,64,63,
21.2726,11,73,72,83,71,72,77,75,58,57,80, 0,68,82,
21.3307, 6,79,63,85,66,64, 0,85,72,82,75,75,55,72,
21.4642, 3,68,66, 0,71,62,87,91,72,75,81,84,68,58,
21.4841, 1, 0,68,67,75,81,81,91,75,77,91,73,69,65,
21.5252,12,70,69,68,64,53,58,86,75,66,88,69, 0,66,
21.5442, 9,78,72,75,81,74,84,78,55, 0,62,57,66,82,
21.5452,10,92,82,82,94,78,78,94,60,64, 0,82,88,91,
21.5604, 7,90,89,91,86,76,84, 0,81,77,92,75,85,87,
21.5775, 6,79,63,85,66,64, 0,85,72,82,74,75,55,72,
21.5904,13,66,67,60,63,84,75,89,80,81,90,82,66, 0,
21.6245, 8,75,76,71,77,67,74,84, 0,54,58,58,75,79,
21.6787, 2,68, 0,66,68,64,66,91,77,72,81,73,69,66,
21.6987, 5,82,64,63,66, 0,68,77,68,75,78,72,52,83,
21.7339, 1, 0,68,67,75,81,81,91,75,77,91,73,69,65,
21.7551, 4,75,68,71, 0,64,69,87,77,81,93,71,64,63,
21.7690,12,70,69,68,64,53,58,86,75,66,88,69, 0,66,
21.7728, 9,78,72,75,81,75,84,78,54, 0,62,57,66,81,
21.8059,10,92,82,82,94,79,78,94,60,64, 0,82,89,91,
21.8282, 6,79,63,85,66,64, 0,85,72,82,75,75,55,72,
21.8401,13,66,67,60,64,83,75,89,80,81,91,82,66, 0,
21.9163, 2,68, 0,66,68,64,66,91,77,72,81,73,69,67,
21.9373, 5,82,64,63,66, 0,68,77,68,75,78,73,53,83,
21.9534, 3,68,66, 0,71,63,87,91,72,75,81,83,67,58,
21.9915, 1, 0,68,67,75,81,81,91,75,77,91,73,69,65,
22.0076, 4,75,68,70, 0,65,69,87,77,81,93,71,64,63,
22.0256,12,70,69,67,64,53,58,86,75,66,88,69, 0,66,
22.0265, 9,78,72,75,81,75,84,78,54, 0,61,57,66,81,
22.0396,10,92,81,81,93,79,78,94,60,64, 0,82,88,91,
22.0948, 6,79,63,84,66,64, 0,85,72,82,75,75,55,72,
22.0956,13,66,67,59,63,83,75,89,80,81,91,82,66, 0,
22.1078, 8,75,76,71,77,67,74,84, 0,54,58,59,75,79,
22.1830, 2,68, 0,66,68,64,66,91,76,72,81,73,69,67,
22.1881, 5,83,64,63,66, 0,67,77,68,75,78,73,52,83,
22.2021, 3,68,66, 0,71,63,87,91,72,75,81,83,68,58,
22.2393, 1, 0,67,67,75,81,81,91,75,77,91,73,70,65,
22.2417, 4,75,68,71, 0,65,69,87,76,81,94,71,64,63,
22.2800,12,70,69,67,64,53,58,86,76,66,88,69, 0,66,
22.2811, 9,78,72,75,81,75,84,78,54, 0,61,57,66,81,
22.2999,10,93,82,82,93,79,78,94,61,64, 0,82,89,91,
22.3333, 6,79,63,85,66,64, 0,85,72,81,74,75,55,72,
22.3553,13,66,67,60,64,83,76,89,80,81,91,82,66, 0,
22.3599, 8,75,76,71,77,67,74,84, 0,54,58,59,75,79,
22.4373, 2,68, 0,65,68,64,66,91,76,72,81,73,69,66,
22.4386, 5,82,64,63,66, 0,68,77,67,75,78,73,53,83,
22.4522, 3,68,66, 0,71,63,87,91,72,75,81,83,68,59,
22.4735, 1, 0,68,67,75,81,81,91,75,77,91,73,69,65,
22.4926, 4,75,68,71, 0,65,69,87,76,81,94,71,63,62,
22.5107,11,73,73,83,71,72,77,75,59,57,80, 0,69,81,
22.5207,12,70,69,68,64,52,58,86,75,66,88,69, 0,66,
22.5257, 9,78,72,75,82,75,85,78,54, 0,62,57,66,82,
22.5386,10,92,82,82,94,78,78,94,61,64, 0,81,88,91,
22.5736, 7,91,90,91,86,76,85, 0,82,77,92,75,85,87,
22.5937, 6,79,62,85,66,64, 0,85,71,81,75,75,55,72,
22.5947,13,67,67,60,64,83,75,89,80,81,89,83,66, 0,
22.6058, 8,75,75,71,76,67,74,83, 0,54,58,58,75,79,
22.6831, 2,68, 0,65,68,64,66,91,77,72,81,73,69,66,
22.7039, 5,83,64,63,66, 0,68,77,67,75,78,73,52,83,
22.7054, 3,67,66, 0,71,63,87,92,72,75,81,83,68,58,
22.7417, 1, 0,68,67,75,81,81,91,75,77,91,73,69,65,
22.7438, 4,75,68,70, 0,66,69,88,76,81,94,71,64,63,
22.7828,12,70,69,68,64,52,58,86,75,66,87,69, 0,65,
22.7852, 9,77,72,75,81,75,84,78,54, 0,62,57,66,81,
22.8034,10,92,82,82,94,79,78,94,61,64, 0,81,88,91,
22.8107, 7,90,89,91,86,76,84, 0,81,77,92,75,85,87,
22.8457, 6,79,63,85,66,64, 0,84,71,82,75,75,55,72,
22.8468,13,67,67,60,63,84,75,89,80,81,91,83,66, 0,
22.8555, 8,75,76,71,77,67,74,84, 0,54,58,58,75,79,
22.9364, 2,68, 0,66,68,64,66,91,77,72,82,73,69,66,
22.9386, 5,82,64,63,66, 0,67,77,67,75,78,73,52,83,
22.9502, 3,67,66, 0,71,63,87,92,72,75,81,83,68,58,
22.9893, 1, 0,68,66,75,81,81,91,75,77,91,73,69,65,
23.0094, 4,76,68,70, 0,65,69,88,77,81,94,71,64,62,
23.0115,11,73,73,83,71,72,76,75,58,57,80, 0,68,82,
23.0185,12,70,69,68,64,53,58,86,75,66,87,69, 0,66,
23.0253, 9,77,72,75,81,75,84,78,54, 0,62,57,66,81,
23.0413,10,92,82,81,94,79,78,94,61,64, 0,82,88,91,
23.0628, 7,90,89,91,86,76,84, 0,81,77,92,75,85,87,
23.0765, 6,79,62,85,66,64, 0,84,72,81,75,75,55,72,
23.0908,13,67,67,60,64,84,75,89,80,82,90,83,66, 0,
23.1069, 8,75,76,71,77,67,74,83, 0,54,58,58,75,80,
23.1667, 2,68, 0,66,69,64,66,91,77,72,81,73,69,66,
23.1867, 5,82,64,63,66, 0,67,78,68,75,78,72,52,83,
23.2032, 3,67,66, 0,71,63,87,92,72,75,81,83,68,59,
23.2423, 1, 0,67,67,75,81,81,91,75,75,91,73,69,65,
23.2445, 4,75,68,70, 0,65,69,88,76,81,93,71,64,62,
23.2554,11,73,73,83,71,72,77,75,58,57,81, 0,68,82,
23.2680,12,70,69,67,64,52,58,86,75,66,88,69, 0,65,
23.2754, 9,78,72,75,81,75,84,78,54, 0,62,57,66,81,
23.2912,10,93,82,81,94,79,78,94,60,64, 0,82,88,91,
23.3124, 7,90,90,91,86,76,84, 0,81,77,92,75,85,87,
23.3524,13,67,67,59,63,84,75,89,80,82,90,83,66, 0,
23.3712, 8,75,76,71,76,67,74,84, 0,54,58,58,75,80,
23.4295, 2,68, 0,66,68,64,66,91,77,72,81,73,69,66,
23.4505, 5,82,64,63,66, 0,67,77,67,75,78,72,52,83,
23.4527, 3,67,66, 0,71,63,87,92,72,75,81,83,68,58,
23.4917, 1, 0,68,67,75,81,81,91,75,77,91,73,69,65,
23.5076,11,73,73,83,71,72,77,75,58,57,81, 0,68,82,
23.5209,12,70,69,67,64,52,58,86,75,66,88,69, 0,65,
23.5407,10,93,82,81,94,79,78,94,60,64, 0,82,88,91,
23.5783, 7,90,89,91,86,76,84, 0,81,77,92,75,85,87,
23.5908,13,66,67,59,63,84,75,89,80,82,90,82,66, 0,
23.6059, 8,75,76,71,76,67,74,83, 0,54,58,59,75,80,
23.7065, 3,68,66, 0,71,63,87,91,72,75,80,83,68,58,
23.7633,11,73,73,83,71,72,77,76,59,57,81, 0,67,82,
23.8195, 7,90,89,91,86,76,84, 0,81,77,92,75,85,87,
23.8719, 8,75,76,71,76,67,74,83, 0,54,58,59,75,80,
24.0227,11,73,73,83,71,72,77,76,58,57,81, 0,67,82,
24.0792, 7,90,89,91,86,76,84, 0,81,77,92,75,85,87,
24.0821, 6,79,63,86,66,64, 0,84,72,81,75,75,55,72,
24.1807, 2,68, 0,66,68,64,66,91,77,72,82,73,69,66,
24.1981, 5,82,64,63,66, 0,68,77,68,75,78,72,52,83,
24.2542, 4,75,68,70, 0,65,69,88,76,81,93,71,63,62,
24.3274, 6,79,63,86,66,64, 0,84,72,81,75,75,55,72,
24.4645, 3,68,66, 0,71,63,87,91,72,75,80,83,68,58,
24.4864, 1, 0,67,67,75,81,81,91,75,77,91,72,69,65,
24.4922, 4,75,68,70, 0,65,69,88,76,81,93,72,63,62,
24.5326,12,70,69,68,64,52,58,86,75,66,88,69, 0,66,
24.5348, 9,78,72,75,81,75,85,78,54, 0,62,57,66,82,
24.5527,10,93,82,82,94,78,78,94,60,64, 0,82,88,91,
24.5909, 6,79,63,85,66,64, 0,84,72,82,75,75,55,72,
24.5930,13,66,67,60,64,84,75,88,80,82,91,83,66, 0,
24.6108, 8,75,76,71,76,67,74,84, 0,54,58,58,75,79,
24.6667, 2,68, 0,66,69,64,66,91,77,72,81,73,69,66,
24.6891, 5,83,64,63,66, 0,68,78,68,75,78,73,52,83,
24.7298, 1, 0,67,67,75,81,81,91,75,77,91,73,69,65,
24.7836,12,70,69,68,64,52,58,86,75,66,88,69, 0,65,
24.7871, 9,78,72,75,81,75,85,78,54, 0,61,57,66,82,
24.8047,10,93,82,82,94,79,78,94,61,63, 0,82,89,91,
24.8424, 6,79,63,85,66,64, 0,84,72,82,75,75,55,72,
24.8447,13,66,67,60,63,83,75,88,80,81,89,83,66, 0,
24.9174, 2,68, 0,66,68,64,66,91,77,72,81,73,69,66,
24.9388, 5,82,64,63,66, 0,68,78,68,75,78,72,52,83,
24.9517, 3,67,66, 0,70,63,87,91,72,75,81,84,68,59,
24.9915, 1, 0,67,66,75,81,81,91,75,77,91,73,69,65,
24.9938, 4,76,67,70, 0,64,69,88,77,81,93,71,64,63,
25.0208,12,70,69,68,64,52,58,86,75,66,88,69, 0,65,
25.0231, 9,78,72,75,82,75,85,78,54, 0,62,57,66,82,
25.0408,10,93,82,81,94,78,78,94,61,64, 0,82,88,91,
25.0799, 6,79,63,85,66,64, 0,84,72,81,75,75,55,72,
25.0992,13,66,67,60,63,83,75,88,80,81,90,83,66, 0,
25.1079, 8,75,76,71,76,67,74,84, 0,54,58,58,75,79,
25.1663, 2,68, 0,66,68,64,66,91,77,72,81,73,69,66,
25.1889, 5,82,64,63,66, 0,68,78,68,75,78,72,53,83,
25.2017, 3,67,66, 0,71,63,87,91,72,75,81,84,68,58,
25.2368, 1, 0,67,66,75,81,81,91,75,77,91,73,69,65,
25.2568, 4,76,68,70, 0,64,69,88,76,81,93,71,64,62,
25.2719,12,70,69,68,64,52,58,86,75,66,88,69, 0,66,
25.2726, 9,78,72,75,81,75,85,78,54, 0,62,57,65,81,
25.3080,10,93,82,82,94,79,78,94,60,64, 0,82,88,91,
25.3430, 6,79,63,85,66,64, 0,84,72,82,74,75,55,72,
25.3439,13,67,67,60,63,83,75,88,80,81,90,83,66, 0,
25.3622, 8,75,76,71,76,67,74,84, 0,54,58,58,75,80,
25.4162, 2,68, 0,66,69,64,66,91,77,72,82,73,69,66,
25.4362, 5,82,64,63,66, 0,68,78,68,75,78,72,52,83,
25.4507, 3,67,66, 0,71,63,87,91,72,75,81,84,68,58,
25.4735, 1, 0,67,66,75,81,81,91,75,77,91,73,69,66,
25.5085, 4,75,68,70, 0,64,69,88,77,81,93,71,64,63,
25.5093,11,73,73,83,71,72,77,76,59,57,81, 0,68,82,
25.5198,12,70,69,68,64,53,58,86,76,66,88,69, 0,65,
25.5224, 9,78,72,75,81,74,84,78,54, 0,62,57,66,82,
25.5567,10,93,82,81,94,79,78,94,61,63, 0,82,88,91,
25.5917, 6,79,63,85,66,64, 0,84,72,82,75,75,55,72,
25.5925,13,67,67,60,64,83,75,87,80,82,90,82,66, 0,
25.6120, 8,75,76,71,76,67,74,84, 0,54,58,59,75,80,
25.6860, 2,68, 0,66,68,64,66,91,77,72,81,73,69,66,
25.6890, 5,82,64,63,65, 0,68,77,68,75,78,73,52,83,
25.6999, 3,67,66, 0,70,63,87,91,72,75,81,83,68,58,
25.7340, 1, 0,67,66,75,81,81,91,75,77,92,73,69,65,
25.7551, 4,75,68,70, 0,65,69,87,77,81,93,71,64,62,
25.7682,12,70,69,68,64,53,58,86,75,66,88,69, 0,66,
25.7741, 9,77,72,75,81,75,85,78,54, 0,62,57,65,82,
25.7892,10,93,82,82,94,79,78,94,61,64, 0,82,89,88,
25.8284, 7,90,89,91,86,76,84, 0,81,77,92,75,85,87,
25.8291, 6,79,63,86,66,64, 0,84,72,82,74,75,55,72,
25.8413,13,67,67,60,63,83,76,89,80,82,88,82,66, 0,
25.8564, 8,75,75,71,76,67,74,84, 0,54,58,59,75,79,
25.9336, 2,68, 0,66,68,64,66,91,77,72,81,73,69,66,
25.9526, 5,82,64,63,66, 0,67,77,68,75,78,73,52,83,
25.9534, 3,67,66, 0,71,63,87,91,72,75,80,83,68,58,
25.9887, 1, 0,67,66,75,81,81,91,75,77,92,73,69,65,
26.0089, 4,76,68,70, 0,64,69,87,76,81,93,71,64,63,
26.0096,11,73,72,82,71,72,77,75,59,57,81, 0,68,82,
26.0219,12,70,69,68,64,52,58,86,75,66,87,69, 0,66,
26.0226, 9,77,72,75,81,75,84,78,54, 0,61,57,65,82,
26.0591,10,93,82,81,94,79,78,94,60,64, 0,81,88,91,
26.0760, 6,79,63,85,66,64, 0,84,71,82,74,75,55,72,
26.0920,13,66,67,60,64,84,75,89,81,81,91,82,66, 0,
26.1071, 8,75,76,71,76,67,74,83, 0,54,58,59,75,80,
26.1855, 2,68, 0,66,68,64,66,91,77,72,81,73,69,66,
26.1867, 5,82,64,63,66, 0,68,77,67,75,78,73,52,84,
26.2013, 3,67,66, 0,70,63,87,91,72,75,81,83,67,58,
26.2254, 1, 0,67,66,75,81,81,91,75,77,92,73,69,64,
26.2425, 4,76,68,70, 0,66,69,88,77,81,93,71,64,63,
26.2555,11,73,73,83,71,72,77,75,58,57,80, 0,68,82,
26.2705,12,70,69,68,64,52,58,86,75,66,87,69, 0,66,
26.2736, 9,78,73,75,82,75,85,78,54, 0,61,58,66,82,
26.2916,10,93,82,81,94,79,78,94,61,63, 0,82,88,91,
26.3289, 7,91,90,91,86,76,84, 0,81,77,92,75,85,87,
26.3417,13,67,67,60,63,84,75,88,80,82,90,82,67, 0,
26.3578, 8,75,77,72,76,67,74,83, 0,54,58,59,75,80,
26.4178, 2,68, 0,66,69,64,66,91,76,72,82,73,69,66,
26.4388, 5,82,64,63,66, 0,68,77,68,75,78,73,52,84,
26.4535, 3,67,66, 0,70,63,87,91,72,75,81,83,68,58,
26.4734, 1, 0,67,66,75,81,81,91,75,76,91,73,69,65,
26.5330,12,70,69,68,64,52,58,86,76,66,88,69, 0,66,
26.5541,10,93,82,82,94,79,78,94,61,63, 0,82,89,91,
26.5927,13,67,67,60,63,84,75,89,80,82,91,82,66, 0,
26.6149, 8,75,76,71,76,67,74,84, 0,54,58,58,75,80,
26.7157, 3,67,66, 0,70,63,87,91,72,75,81,83,68,58,
26.7725,11,73,73,83,71,72,77,75,58,57,81, 0,68,82,
26.8257, 7,90,89,91,86,76,84, 0,81,77,92,75,85,87,
26.8573, 8,75,76,71,76,67,74,84, 0,54,58,59,75,80,
27.0162,11,73,73,83,71,72,77,75,59,57,81, 0,68,82,
27.0357, 9,78,72,75,82,75,85,78,54, 0,62,58,66,81,
27.0758, 7,90,89,91,86,76,84, 0,81,77,92,75,85,87,
27.0948, 6,79,62,85,67,64, 0,85,72,81,75,75,55,72,
27.1690, 2,68, 0,66,69,64,66,91,77,72,81,73,69,66,
27.1902, 5,82,64,63,66, 0,68,77,68,75,78,73,52,84,
27.2453, 4,76,68,70, 0,66,69,88,76,81,94,71,64,63,
27.2646,11,73,73,83,71,72,77,75,59,57,81, 0,68,82,
27.3231, 7,90,90,91,86,76,84, 0,81,77,92,75,85,87,
27.3419, 6,79,63,85,66,64, 0,85,72,81,75,75,55,72,
27.4624, 3,67,66, 0,71,63,87,92,72,75,81,83,68,58,
27.4830, 1, 0,67,67,75,81,81,91,75,76,92,73,69,65,
27.4915, 4,75,68,71, 0,66,69,87,76,81,94,71,64,63,
27.5307,12,70,69,68,64,53,58,86,75,66,88,69, 0,66,
27.5338, 9,78,72,75,81,75,85,78,54, 0,62,57,66,81,
27.5508,10,93,82,82,94,79,78,94,61,64, 0,81,89,91,
27.5609, 7,90,90,91,86,76,84, 0,81,77,92,75,85,87,
27.5779, 6,79,63,85,66,64, 0,84,72,82,75,75,55,72,
27.5885,13,66,67,60,64,84,75,88,80,81,90,82,66, 0,
27.6057, 8,75,76,71,77,67,74,82, 0,54,58,58,75,80,
27.6678, 2,68, 0,66,68,64,66,90,76,72,82,73,69,67,
27.6871, 5,82,64,63,65, 0,68,77,68,75,78,73,52,83,
27.7273, 1, 0,67,67,75,81,81,91,74,77,92,73,69,65,
27.7451, 4,75,67,71, 0,65,69,87,76,81,94,72,64,63,
27.7563,11,73,73,83,71,72,77,75,59,57,81, 0,68,82,
27.7682,12,70,69,68,64,52,59,86,75,66,88,69, 0,66,
27.7750, 9,78,72,75,81,75,84,78,54, 0,62,57,66,81,
27.7921,10,93,82,82,94,78,78,94,61,64, 0,81,89,91,
27.8273, 6,79,63,85,66,64, 0,84,71,82,75,75,55,72,
27.8489,13,66,68,60,63,84,75,88,80,81,90,82,66, 0,
27.9283, 2,68, 0,66,68,64,66,90,76,72,81,73,69,67,
27.9502, 5,83,64,63,66, 0,68,77,68,75,78,72,52,83,
27.9510, 3,67,66, 0,71,63,87,91,72,75,81,84,68,58,
27.9902, 1, 0,68,66,75,81,81,91,74,77,91,73,69,65,
28.0203,12,70,69,68,64,52,58,86,75,66,88,69, 0,66,
28.0212, 9,78,72,75,81,75,84,78,54, 0,61,57,66,82,
28.0586,10,93,82,81,94,78,78,94,61,63, 0,81,89,90,
28.0767, 6,79,63,85,66,64, 0,84,71,82,75,75,55,72,
28.0920,13,66,67,60,63,84,75,88,80,81,90,82,66, 0,
28.1060, 8,75,76,71,76,67,74,82, 0,54,58,58,75,79,
28.1870, 2,68, 0,65,68,64,66,90,76,72,81,73,69,67,
28.1895, 5,82,64,63,66, 0,68,77,68,75,78,72,52,83,
28.2026, 3,67,65, 0,71,63,87,91,72,75,81,84,68,58,
28.2403, 1, 0,67,66,75,81,81,91,75,77,91,73,70,64,
28.2615, 4,75,68,70, 0,66,69,87,76,81,93,71,63,62,
28.2693,12,70,69,68,64,53,58,86,75,66,87,69, 0,66,
28.2754, 9,78,72,75,81,75,84,78,55, 0,62,57,66,82,
28.2927,10,92,82,82,94,79,78,94,60,64, 0,81,89,91,
28.3319, 6,79,63,85,66,64, 0,84,71,82,75,75,55,72,
28.3518,13,66,68,60,63,84,75,88,80,81,90,82,66, 0,
28.3566, 8,75,76,71,76,66,74,82, 0,54,58,58,75,79,
28.4351, 2,68, 0,66,68,64,66,90,76,72,81,73,69,67,
28.4409, 5,83,64,63,66, 0,67,77,68,75,78,72,52,83,
28.4519, 3,67,66, 0,71,63,87,91,72,75,81,84,68,58,
28.4900, 1, 0,68,66,75,81,81,91,75,77,91,73,70,65,
28.4920, 4,75,68,71, 0,65,69,87,77,81,93,71,64,63,
28.5187,12,70,69,67,64,52,58,86,75,66,88,69, 0,66,
28.5247, 9,78,72,75,81,75,84,78,54, 0,62,57,66,82,
28.5387,10,92,82,82,94,79,78,94,60,64, 0,82,89,91,
28.5741, 7,90,90,91,86,76,85, 0,81,77,92,75,84,87,
28.5930, 6,79,63,85,66,64, 0,84,72,82,75,75,55,72,
28.5941,13,66,67,60,63,84,75,89,80,82,90,82,66, 0,
28.6060, 8,75,76,71,76,67,74,84, 0,54,58,58,75,79,
28.6672, 2,67, 0,66,68,64,66,91,76,72,81,73,69,67,
28.6892, 5,82,64,63,66, 0,68,77,68,75,78,72,52,83,
28.7000, 3,67,65, 0,71,63,87,91,72,75,81,83,68,59,
28.7345, 1, 0,68,67,75,81,81,91,75,77,91,73,69,65,
28.7546, 4,75,68,70, 0,65,69,88,76,81,93,71,64,62,
28.7718,12,70,69,68,64,52,58,86,75,66,88,69, 0,65,
28.7745, 9,78,72,75,81,75,84,78,54, 0,62,57,66,81,
28.7908,10,92,82,82,94,78,78,94,60,63, 0,82,89,91,
28.8284, 6,79,63,85,66,64, 0,84,72,82,74,75,55,72,
28.8482,13,66,67,60,63,84,75,88,80,82,90,82,66, 0,
28.8555, 8,75,76,71,76,67,74,83, 0,54,58,58,75,79,
28.9353, 2,68, 0,66,68,64,66,91,77,72,81,73,69,67,
28.9374, 5,82,64,63,66, 0,67,77,67,75,78,72,52,83,
28.9525, 3,67,66, 0,71,63,87,91,72,75,81,83,68,59,
28.9903, 1, 0,68,67,75,81,81,91,75,77,91,73,69,65,
28.9924, 4,76,68,70, 0,65,69,88,76,81,93,71,64,63,
29.0302,12,70,69,68,64,52,58,86,76,66,88,69, 0,66,
29.0311, 9,78,72,75,82,74,84,78,54, 0,61,57,66,81,
29.0528,10,92,82,81,94,78,78,94,60,64, 0,82,89,91,
29.0916, 6,79,63,86,66,64, 0,85,72,82,75,75,55,72,
29.0937,13,66,67,60,64,84,75,89,80,82,90,83,66, 0,
29.1117, 8,75,76,71,76,67,74,85, 0,54,58,59,75,79,
29.1725, 2,68, 0,66,68,64,66,91,77,72,81,73,69,67,
29.1935, 5,83,64,63,66, 0,67,77,68,75,78,72,52,83,
29.2015, 3,67,66, 0,71,63,87,91,72,75,80,83,68,58,
29.2381, 1, 0,67,67,75,81,81,91,75,77,91,73,69,65,
29.2591, 4,75,68,70, 0,65,69,88,76,81,91,71,64,63,
29.2613,11,73,73,83,71,72,77,75,59,57,81, 0,68,82,
29.2711,12,70,69,67,64,52,58,86,75,66,88,69, 0,66,
29.2734, 9,78,72,75,81,75,84,78,54, 0,61,57,66,81,
29.2891,10,93,82,81,94,79,78,94,61,64, 0,81,89,91,
29.3284, 7,91,89,90,86,76,84, 0,81,77,92,75,85,87,
29.3433,13,66,67,60,64,84,75,89,80,81,90,83,66, 0,
29.3583, 8,75,76,71,76,67,74,84, 0,54,58,59,75,79,
29.4166, 2,68, 0,66,69,64,66,91,77,72,82,73,69,66,
29.4436, 5,82,64,63,66, 0,67,77,67,75,78,73,52,83,
29.4539, 3,67,66, 0,71,63,87,92,72,75,81,83,68,59,
29.4937, 1, 0,67,67,75,81,81,91,75,77,91,73,69,65,
29.5068,11,73,73,83,71,72,77,75,59,57,80, 0,68,82,
29.5197,12,70,69,68,64,53,58,86,75,66,88,69, 0,66,
29.5408,10,92,82,82,94,79,78,94,61,64, 0,82,89,91,
29.5590, 7,90,89,91,86,76,84, 0,81,77,93,75,85,87,
29.6001,13,67,67,60,64,84,75,89,80,81,90,83,66, 0,
29.6213, 8,75,76,71,76,67,74,84, 0,54,58,59,75,79,
29.7023, 3,68,66, 0,71,63,87,91,72,75,81,83,68,58,
29.8620, 8,75,76,71,76,67,74,83, 0,54,58,58,75,79,
30.0370, 9,78,72,75,81,75,84,78,54, 0,62,57,66,81,
30.0623, 7,90,89,90,86,76,84, 0,81,77,93,75,85,87,
30.0775, 6,79,63,85,66,64, 0,85,72,82,74,75,55,72,
30.1758, 2,68, 0,66,69,64,65,91,78,72,81,73,69,66,
30.1966, 5,82,64,63,66, 0,67,78,68,75,78,72,52,83,
30.2549, 4,75,69,70, 0,65,69,88,76,81,93,71,64,63,
30.3301, 6,79,62,85,66,64, 0,84,72,82,74,75,55,72,
30.4649, 3,68,66, 0,71,63,87,92,72,75,81,83,68,58,
30.4869, 1, 0,68,68,75,80,81,91,75,77,91,73,69,65,
30.4918, 4,76,69,71, 0,65,69,88,76,81,93,71,64,63,
30.5315,12,69,69,68,64,52,58,86,75,66,88,69, 0,66,
30.5335, 9,78,73,75,81,75,84,78,54, 0,62,57,66,81,
30.5508,10,93,83,81,94,79,78,94,61,64, 0,82,89,91,
30.5597, 7,90,89,91,86,76,84, 0,81,77,92,75,85,87,
30.5779, 6,80,62,85,66,64, 0,85,72,81,75,75,55,72,
30.5919,13,66,67,60,63,84,75,88,79,82,90,83,66, 0,
30.6060, 8,75,77,71,76,67,74,83, 0,54,58,58,75,79,
30.6861, 2,68, 0,66,69,64,66,91,77,72,82,74,69,66,
30.6887, 5,82,64,63,66, 0,68,77,67,75,78,73,52,84,
30.7262, 1, 0,67,68,75,82,81,91,75,78,92,73,69,65,
30.7462, 4,75,68,71, 0,65,69,87,76,81,93,71,64,63,
30.7882,12,70,69,68,64,52,58,86,75,66,88,69, 0,66,
30.7904, 9,78,72,75,81,75,84,78,54, 0,61,57,66,82,
30.7921,10,94,82,81,93,78,78,94,60,64, 0,82,89,90,
30.8306, 6,80,63,85,66,64, 0,85,72,81,75,74,55,72,
30.8497,13,67,67,60,63,84,75,88,80,81,90,82,66, 0,
30.9307, 2,67, 0,66,68,64,66,91,77,72,82,73,69,66,
30.9529, 5,83,64,63,65, 0,68,77,67,75,78,72,53,84,
30.9550, 3,69,66, 0,71,63,87,91,72,75,81,82,68,58,
30.9761, 1, 0,66,68,75,83,82,91,75,78,92,72,69,65,
30.9918, 4,75,68,71, 0,65,69,87,76,81,93,71,64,62,
31.0321,12,70,69,67,64,52,59,86,75,66,88,69, 0,66,
31.0342, 9,78,72,75,81,75,85,78,54, 0,62,57,66,81,
31.0522,10,94,82,82,94,79,78,94,60,64, 0,82,89,90,
31.0932, 6,80,62,85,66,64, 0,85,72,81,75,74,55,72,
31.0993,13,67,66,60,63,84,75,88,80,82,90,82,66, 0,
31.1101, 8,75,77,71,76,67,74,83, 0,54,58,59,75,79,
31.1684, 2,66, 0,66,67,64,66,91,78,72,81,73,69,66,
31.1934, 5,84,64,63,65, 0,67,77,68,75,78,72,52,84,
31.2066, 3,69,66, 0,71,63,87,91,72,75,81,82,68,59,
31.2246, 1, 0,66,68,75,82,82,91,75,78,93,72,69,65,
31.2428, 4,75,67,71, 0,65,69,87,76,81,93,71,64,63,
31.2817,12,70,69,67,64,53,58,86,75,66,88,69, 0,66,
31.2838, 9,78,72,75,81,74,84,78,54, 0,62,57,66,81,
31.3029,10,94,82,82,93,78,78,94,61,64, 0,82,89,91,
31.3408, 6,80,63,85,66,64, 0,85,71,82,75,74,55,72,
31.3430,13,67,67,60,63,84,75,88,80,81,90,82,66, 0,
31.3621, 8,74,77,71,76,67,74,83, 0,54,58,59,75,79,
31.4189, 2,67, 0,66,68,64,66,91,77,72,81,73,69,66,
31.4411, 5,84,64,63,65, 0,67,77,67,75,78,72,52,84,
31.4533, 3,69,66, 0,72,62,87,91,71,75,81,82,68,58,
31.4913, 1, 0,66,68,75,82,82,91,75,78,92,72,69,65,
31.4934, 4,75,67,71, 0,65,69,87,76,81,93,71,64,62,
31.5114,11,73,73,83,71,72,77,75,59,57,81, 0,68,83,
31.5221,12,70,69,68,64,52,58,86,75,66,88,69, 0,66,
31.5242, 9,78,72,75,81,75,84,78,54, 0,61,57,66,81,
31.5384,10,93,82,82,93,79,78,94,60,64, 0,81,88,91,
31.5786, 7,90,88,91,86,76,85, 0,81,77,92,75,85,87,
31.5813, 6,80,61,85,66,64, 0,84,72,82,75,75,55,72,
31.5986,13,67,66,60,63,84,75,89,80,81,90,83,66, 0,
31.6073, 8,75,77,71,76,67,74,84, 0,54,58,59,75,79,
31.6866, 2,67, 0,66,68,64,64,91,78,72,81,74,69,66,
31.6894, 5,82,64,63,66, 0,67,78,68,75,78,73,52,84,
31.7028, 3,69,66, 0,72,63,87,91,71,75,81,83,68,58,
31.7418, 1, 0,66,68,75,82,82,91,75,78,92,73,69,64,
31.7579, 4,75,67,71, 0,65,69,87,76,81,93,71,64,63,
31.7723,12,70,69,68,64,52,59,86,75,66,88,69, 0,66,
31.7752, 9,78,72,75,81,75,84,78,54, 0,62,57,66,81,
31.7909,10,94,82,82,93,79,78,94,61,64, 0,81,88,91,
31.8300, 6,80,62,85,66,64, 0,85,71,82,75,75,55,72,
31.8513,13,67,66,60,64,84,75,89,80,82,90,83,66, 0,
31.8552, 8,75,77,71,76,67,74,85, 0,54,58,59,76,79,
31.9363, 2,67, 0,66,68,64,66,90,77,72,82,74,69,66,
31.9384, 5,83,65,63,64, 0,68,77,68,75,78,73,52,83,
31.9514, 3,69,66, 0,72,63,87,92,71,75,81,83,68,58,
31.9736, 1, 0,66,68,75,82,82,91,75,77,92,73,70,65,
31.9938, 4,75,67,71, 0,65,69,88,76,81,92,71,64,62,
32.0057,11,73,73,83,71,72,77,75,58,57,81, 0,68,82,
32.0235,12,70,69,68,64,52,58,86,75,66,88,69, 0,66,
32.0257, 9,78,72,75,81,75,85,78,54, 0,62,57,66,81,
32.0407,10,94,82,82,93,79,78,93,61,64, 0,83,88,91,
32.0807, 6,80,62,86,66,64, 0,84,71,81,75,75,55,72,
32.0996,13,67,66,59,63,84,75,88,80,81,90,83,66, 0,
32.1081, 8,75,77,71,75,67,74,84, 0,54,58,58,76,79,
32.1850, 2,67, 0,66,67,64,66,90,77,72,81,74,69,65,
32.1873, 5,84,64,63,65, 0,68,77,68,75,78,72,52,83,
32.2022, 3,69,66, 0,72,63,87,91,72,75,81,84,68,58,
32.2424, 1, 0,67,68,75,82,82,91,75,78,92,73,69,65,
32.2814,12,70,69,68,64,52,58,86,76,66,88,69, 0,66,
32.2836, 9,77,72,75,81,75,84,78,54, 0,62,57,66,81,
32.3015,10,94,82,82,93,79,78,94,61,64, 0,82,89,91,
32.3123, 7,90,89,91,86,76,84, 0,81,77,92,75,85,87,
32.3529,13,67,66,60,63,84,75,89,79,81,90,83,66, 0,
32.3728, 8,74,77,71,76,67,74,85, 0,54,58,58,75,79,
32.4317, 2,67, 0,66,68,64,66,91,77,72,81,74,69,66,
32.4537, 5,83,64,63,65, 0,68,77,67,75,78,72,52,84,
32.4558, 3,69,66, 0,71,63,87,91,72,75,81,83,68,58,
32.4759, 1, 0,67,68,75,81,82,91,75,77,92,73,69,65,
32.5139,11,73,73,82,71,72,77,75,58,57,81, 0,68,82,
32.5366,12,69,69,68,64,53,58,86,75,66,88,69, 0,66,
32.5396,10,94,82,81,93,79,78,94,60,64, 0,82,89,91,
32.5775, 7,90,88,91,86,76,84, 0,81,77,92,75,85,87,
32.5983,13,67,66,59,63,84,75,89,80,81,90,83,66, 0,
32.6082, 8,76,77,71,76,67,74,84, 0,54,58,59,75,79,
32.7124, 3,69,66, 0,71,63,87,92,72,75,81,83,67,58,
32.8668, 8,76,77,71,76,67,74,84, 0,54,58,59,75,79,
33.0245, 9,78,73,75,81,75,84,77,55, 0,62,57,66,82,
33.0785, 6,80,62,84,66,64, 0,83,72,82,75,75,55,72,
33.1749, 2,67, 0,66,68,64,66,91,77,72,81,73,69,66,
33.1949, 5,82,64,63,65, 0,68,77,67,75,78,73,53,84,
33.2541, 4,75,68,71, 0,65,69,87,76,81,93,71,64,63,
33.3274, 7,90,89,91,86,76,84, 0,82,77,92,75,85,87,
33.3473, 6,80,63,84,66,64, 0,84,72,82,75,75,55,72,
33.4656, 3,69,66, 0,71,63,87,91,72,75,81,83,67,58,
33.4887, 1, 0,68,68,75,81,82,91,75,78,93,73,69,65,
33.4930, 4,75,68,71, 0,65,69,87,76,81,93,71,64,63,
33.5298,12,69,69,68,64,52,58,86,75,66,88,69, 0,66,
33.5318, 9,77,72,75,81,75,84,78,55, 0,62,57,66,82,
33.5509,10,94,82,82,94,79,78,94,61,64, 0,82,89,91,
33.5597, 7,90,89,91,86,76,84, 0,82,77,92,75,85,87,
33.5770, 6,80,63,85,66,64, 0,85,72,82,75,75,55,72,
33.5909,13,66,67,60,64,84,75,89,81,82,90,83,66, 0,
33.6070, 8,75,77,71,76,67,74,83, 0,54,58,58,75,80,
33.6669, 2,69, 0,66,69,64,65,91,77,72,82,73,69,66,
33.6894, 5,82,64,63,66, 0,67,77,68,75,78,72,52,84,
33.7276, 1, 0,68,68,75,81,82,91,75,77,93,73,69,64,
33.7486, 4,75,69,71, 0,65,69,88,76,81,93,71,64,62,
33.7865,12,69,69,68,64,52,58,86,75,66,88,69, 0,66,
33.7887, 9,78,73,75,81,74,84,78,54, 0,62,57,66,82,
33.7904,10,94,82,82,94,79,78,94,61,64, 0,82,89,91,
33.8268, 6,80,61,85,66,64, 0,85,72,81,75,75,55,72,
33.8469,13,66,67,60,64,84,75,89,80,82,90,83,66, 0,
33.9262, 2,69, 0,66,69,64,66,91,77,73,82,73,69,66,
33.9459, 5,82,64,63,66, 0,68,77,68,75,78,73,52,84,
33.9531, 3,69,66, 0,71,63,87,91,72,75,81,83,68,59,
33.9914, 1, 0,68,68,75,81,82,91,75,76,92,73,69,64,
33.9936, 4,75,69,70, 0,65,69,88,76,81,93,71,64,62,
34.0305,12,69,69,67,64,52,58,86,75,66,88,69, 0,66,
34.0327, 9,78,72,75,81,75,84,78,54, 0,62,57,66,82,
34.0507,10,94,82,81,93,79,78,94,61,63, 0,82,89,90,
34.0885, 6,79,63,85,66,64, 0,85,72,82,75,75,55,72,
34.1088,13,66,67,60,63,84,75,89,80,81,90,83,66, 0,
34.1112, 8,75,77,71,76,66,74,83, 0,54,58,58,75,79,
34.1680, 2,69, 0,66,69,64,66,91,77,72,82,73,69,66,
34.1909, 5,82,64,63,65, 0,68,77,68,75,78,73,52,84,
34.2021, 3,69,66, 0,71,62,87,91,72,75,81,83,68,58,
34.2381, 1, 0,68,68,75,81,81,91,75,77,92,73,69,65,
34.2722,12,69,69,68,64,52,58,86,75,66,88,69, 0,66,
34.2745, 9,78,72,75,81,74,84,78,54, 0,62,57,66,82,
34.3126,10,94,82,81,93,78,78,94,60,64, 0,82,89,90,
34.3303, 6,79,63,85,66,64, 0,85,72,82,75,75,55,72,
34.3424,13,66,67,60,63,84,75,89,80,82,89,83,66, 0,
34.3586, 8,75,77,71,76,67,74,83, 0,54,58,58,74,79,
34.4174, 2,69, 0,66,68,64,66,91,77,72,81,73,69,66,
34.4398, 5,81,64,63,66, 0,68,77,68,75,78,73,52,84,
34.4518, 3,68,66, 0,71,63,87,91,72,75,81,83,68,59,
34.4909, 1, 0,68,68,75,81,81,91,75,77,92,73,69,64,
34.5309,12,69,69,68,64,52,58,86,76,66,88,69, 0,65,
34.5330, 9,78,72,75,81,75,85,78,54, 0,61,57,66,81,
34.5510,10,93,82,81,93,79,78,94,61,64, 0,82,89,90,
34.5610, 7,90,89,91,86,76,85, 0,81,77,92,75,85,87,
34.5780, 6,79,63,85,66,64, 0,85,72,81,75,75,55,72,
34.5922,13,66,67,59,63,84,75,89,80,81,90,83,66, 0,
34.6090, 8,75,77,71,76,67,73,83, 0,54,58,59,75,79,
34.6693, 2,69, 0,66,68,64,66,91,77,72,81,73,69,66,
34.6961, 5,81,64,63,65, 0,67,77,68,75,78,73,52,84,
34.7035, 3,68,66, 0,71,63,87,91,72,75,81,83,68,58,
34.7433, 1, 0,69,67,75,81,81,91,75,77,93,73,69,64,
34.7453, 4,75,68,71, 0,65,69,88,76,81,93,71,64,63,
34.7806,12,69,69,68,64,52,59,86,75,66,88,69, 0,66,
34.7832, 9,78,72,75,81,75,85,78,55, 0,62,57,66,82,
34.8007,10,94,82,82,94,79,79,94,60,64, 0,82,88,90,
34.8136, 7,90,89,91,86,76,84, 0,82,77,92,75,85,87,
34.8288, 6,79,62,85,66,64, 0,85,71,81,75,75,55,72,
34.8440,13,66,67,60,63,83,75,89,80,81,90,83,66, 0,
34.8598, 8,76,77,71,76,67,74,85, 0,54,58,59,75,79,
34.9170, 2,69, 0,66,68,64,65,91,77,73,81,73,69,66,
34.9419, 5,82,64,63,65, 0,67,77,68,75,78,73,53,84,
34.9520, 3,68,66, 0,71,63,87,91,72,75,81,83,68,58,
34.9909, 1, 0,69,67,75,81,81,91,75,77,93,73,69,64,
34.9929, 4,75,68,71, 0,65,69,87,76,80,93,71,64,63,
35.0312,12,69,69,68,64,52,58,86,75,66,88,69, 0,65,
35.0333, 9,78,72,75,81,75,84,78,54, 0,62,57,66,81,
35.0501,10,94,82,82,94,79,78,94,60,64, 0,82,88,90,
35.0894, 6,79,63,85,66,64, 0,84,72,82,75,75,55,72,
35.1095,13,66,67,60,64,84,75,89,80,82,90,83,66, 0,
35.1124, 8,76,77,71,76,67,74,83, 0,54,58,58,75,79,
35.1705, 2,69, 0,66,68,64,66,91,77,72,81,73,69,66,
35.1916, 5,82,64,63,66, 0,67,78,67,75,78,72,52,83,
35.2024, 3,68,66, 0,71,62,87,91,72,75,81,83,68,58,
35.2417, 1, 0,69,67,75,81,81,91,75,77,93,72,69,64,
35.2616, 4,75,68,71, 0,65,69,88,76,81,93,72,64,62,
35.2717,12,69,69,68,64,52,58,86,76,66,88,69, 0,65,
35.2739, 9,78,73,75,81,75,85,78,54, 0,61,57,66,82,
35.2910,10,93,82,82,94,79,78,94,61,63, 0,82,88,90,
35.3469,13,66,66,60,63,84,75,89,80,82,89,84,66, 0,
35.3682, 8,76,77,71,76,67,74,85, 0,54,58,58,76,79,
35.4251, 2,69, 0,66,68,64,66,90,77,73,81,73,69,65,
35.4487, 5,81,64,63,65, 0,67,78,68,75,78,72,52,83,
35.4534, 3,68,66, 0,71,63,87,91,72,75,81,84,68,58,
35.4745, 1, 0,69,66,75,81,81,91,75,77,93,73,69,64,
35.5225,12,70,69,68,64,52,58,86,75,66,88,69, 0,66,
35.5454,10,93,82,82,94,78,78,94,61,63, 0,82,88,90,
35.5606, 7,90,88,91,86,76,84, 0,81,77,92,75,85,87,
35.6008,13,66,66,60,63,83,75,88,80,82,90,83,66, 0,
35.6210, 8,75,77,71,76,67,74,84, 0,54,58,58,75,79,
35.7224, 3,67,66, 0,71,63,87,92,72,75,81,84,68,58,
35.8216, 7,90,88,91,86,76,84, 0,81,77,92,75,85,87,
35.8764, 8,75,77,71,76,67,74,83, 0,54,58,58,75,79,
36.0306, 9,76,73,75,81,75,85,78,54, 0,62,57,66,81,
36.0628, 7,90,88,91,86,76,84, 0,81,77,92,75,85,87,
36.0799, 6,79,63,86,66,64, 0,85,72,82,75,74,55,72,
36.1800, 2,69, 0,66,68,64,66,91,76,73,82,73,69,66,
36.2014, 5,82,65,63,65, 0,67,77,68,75,78,73,52,84,
36.2603, 4,75,68,70, 0,65,69,87,76,81,93,71,64,62,
36.3405, 6,79,63,86,66,64, 0,83,72,82,75,75,55,72,
36.4551, 3,67,65, 0,70,63,87,91,72,75,81,84,68,58,
36.4750, 1, 0,65,66,73,81,81,91,75,77,93,72,69,65,
36.4949, 4,74,68,71, 0,65,69,86,76,81,93,71,64,62,
36.5062,11,73,72,82,71,73,77,75,58,57,81, 0,68,83,
36.5230,12,71,69,68,64,52,58,85,75,66,88,69, 0,66,
36.5254, 9,77,72,75,81,74,84,78,54, 0,62,57,66,81,
36.5423,10,93,82,81,94,79,78,94,60,64, 0,82,89,91,
36.5613, 7,91,89,91,86,76,84, 0,81,77,92,75,84,87,
36.5782, 6,81,63,87,66,64, 0,85,72,82,75,75,55,72,
36.5903,13,67,68,60,63,84,75,88,79,82,89,82,66, 0,
36.6065, 8,75,76,71,76,66,74,85, 0,54,58,59,75,80,
36.6674, 2,66, 0,66,68,65,66,91,78,72,82,73,69,66,
36.6916, 5,83,64,63,66, 0,68,77,68,75,78,73,52,85,
36.7309, 1, 0,67,66,74,80,84,91,75,76,93,73,70,65,
36.7532, 4,75,68,71, 0,64,69,88,77,81,93,71,63,62,
36.7559,11,73,72,82,71,72,77,76,58,57,81, 0,68,80,
36.7708,12,71,68,68,64,52,58,86,75,66,87,69, 0,66,
36.7761, 9,76,72,75,81,75,85,78,54, 0,62,58,66,82,
36.7903,10,93,82,81,94,78,78,94,61,64, 0,82,89,91,
36.8285, 6,82,63,87,66,64, 0,85,71,82,75,75,55,72,
36.8494,13,66,66,60,64,85,75,88,81,82,90,82,66, 0,
36.9296, 2,67, 0,66,68,64,66,91,78,72,82,73,68,64,
36.9495, 5,81,64,63,65, 0,67,77,68,75,78,73,52,83,
36.9516, 3,67,65, 0,70,63,87,91,72,75,81,84,68,58,
36.9914, 1, 0,66,66,75,81,83,91,75,75,92,73,70,64,
37.0105, 4,73,67,70, 0,65,69,88,77,81,93,71,63,63,
37.0188,12,72,68,68,64,52,58,86,75,66,88,69, 0,65,
37.0255, 9,77,72,75,80,75,85,78,54, 0,62,58,66,83,
37.0418,10,93,83,81,94,78,78,94,61,64, 0,82,89,90,
37.0823, 6,82,63,87,66,64, 0,85,71,82,75,75,55,72,
37.1033,13,65,66,60,64,84,75,88,81,83,90,82,66, 0,
37.1079, 8,75,77,70,76,67,74,85, 0,54,58,59,75,80,
37.1699, 2,67, 0,65,68,64,66,91,77,72,82,73,68,65,
37.1922, 5,82,64,63,66, 0,68,77,67,75,78,73,52,84,
37.2013, 3,68,65, 0,71,63,88,91,71,75,81,84,68,58,
37.2411, 1, 0,67,67,73,82,84,91,75,76,91,73,71,63,
37.2433, 4,73,67,71, 0,65,69,88,77,80,93,71,63,63,
37.2777,12,72,68,68,64,52,59,86,75,66,88,69, 0,65,
37.2785, 9,78,72,75,80,75,85,78,54, 0,62,58,66,83,
37.2988,10,92,83,82,94,78,78,94,60,63, 0,82,89,90,
37.3371, 6,82,62,87,66,64, 0,85,71,82,75,75,55,72,
37.3575,13,65,67,60,64,84,76,88,80,82,90,82,66, 0,
37.3596, 8,76,77,71,76,67,74,85, 0,54,58,59,75,80,
37.4166, 2,68, 0,65,67,64,65,91,77,73,82,73,69,67,
37.4407, 5,84,65,63,66, 0,68,77,68,75,78,73,52,84,
37.4526, 3,67,65, 0,71,63,89,91,71,75,81,84,68,58,
37.4727, 1, 0,69,66,72,82,83,91,75,78,91,73,71,64,
37.5105, 4,72,67,71, 0,65,69,88,76,80,93,71,64,62,
37.5116,11,73,73,82,71,72,77,76,59,57,81, 0,68,82,
37.5184,12,72,69,68,64,52,58,86,75,66,88,69, 0,66,
37.5254, 9,78,72,75,81,75,85,78,54, 0,62,57,66,83,
37.5404,10,92,84,81,94,79,78,94,61,64, 0,82,88,90,
37.5936, 6,80,63,88,66,64, 0,85,71,82,75,75,55,73,
37.5944,13,66,68,58,63,84,76,89,81,82,89,82,66, 0,
37.6076, 8,76,76,71,77,67,74,84, 0,54,58,58,75,80,
37.6840, 2,69, 0,64,67,64,66,91,77,72,82,74,69,68,
37.7047, 5,84,65,63,66, 0,68,78,68,75,78,73,52,84,
37.7058, 3,68,65, 0,71,63,89,91,72,75,81,83,68,58,
37.7230, 1, 0,68,67,72,84,82,91,75,78,91,73,71,63,
37.7614, 4,72,67,70, 0,66,69,88,77,80,93,72,64,62,
37.7718,12,72,69,68,64,52,58,86,75,66,87,69, 0,66,
37.7744, 9,78,72,75,80,75,85,78,54, 0,62,57,66,81,
37.7912,10,93,83,81,94,79,78,94,61,63, 0,82,89,91,
37.8116, 7,91,89,91,86,76,84, 0,81,77,92,75,84,87,
37.8286, 6,80,63,88,66,64, 0,84,71,82,75,75,55,73,
37.8428,13,65,68,60,63,84,75,89,81,81,90,82,66, 0,
37.8567, 8,75,77,71,77,67,74,84, 0,54,58,58,75,81,
37.9378, 2,69, 0,64,67,64,66,91,77,73,82,74,69,67,
37.9580, 5,85,65,63,66, 0,68,78,68,75,78,73,52,84,
37.9604, 3,68,65, 0,71,63,90,91,72,75,81,83,68,59,
37.9753, 1, 0,68,68,72,83,82,92,76,78,91,73,71,63,
37.9955, 4,72,67,70, 0,66,69,88,77,80,93,72,64,62,
38.0072,11,73,73,82,71,72,77,75,58,57,81, 0,68,81,
38.0219,12,72,69,68,64,52,58,86,75,66,88,69, 0,66,
38.0242, 9,78,72,75,81,75,85,78,54, 0,62,57,66,81,
38.0419,10,92,84,82,94,79,78,94,61,64, 0,83,89,90,
38.0781, 6,81,63,88,66,64, 0,84,71,82,75,74,55,73,
38.0977,13,64,67,60,63,84,75,89,81,81,89,82,66, 0,
38.1066, 8,76,77,71,77,67,74,84, 0,54,58,58,75,81,
38.1820, 2,69, 0,65,68,64,66,91,78,72,83,73,69,66,
38.2019, 5,84,64,63,66, 0,68,78,68,75,78,73,52,84,
38.2049, 3,68,65, 0,71,63,90,91,72,75,81,83,68,58,
38.2390, 1, 0,67,68,72,83,82,92,76,78,91,73,72,63,
38.2593, 4,72,68,70, 0,65,69,88,77,81,93,71,63,62,
38.2691,12,72,69,68,64,53,58,86,75,66,88,69, 0,65,
38.2740, 9,78,72,75,81,75,84,78,54, 0,62,57,65,81,
38.3082,10,92,85,82,94,79,78,94,60,63, 0,82,89,90,
38.3466,13,65,66,60,63,84,75,89,81,81,90,81,66, 0,
38.3668, 8,76,77,71,76,67,74,84, 0,54,58,58,75,81,
38.4232, 2,68, 0,65,69,64,66,91,77,73,83,73,69,66,
38.4450, 5,83,64,62,66, 0,68,78,68,75,78,72,52,84,
38.4543, 3,68,64, 0,70,63,90,91,72,75,81,82,68,58,
38.4911, 1, 0,67,67,72,83,82,92,76,78,91,73,72,64,
38.5114,11,73,73,82,71,72,77,75,59,57,80, 0,68,81,
38.5214,12,72,69,68,64,52,58,85,75,66,88,69, 0,65,
38.5586,10,93,83,82,94,79,78,94,60,63, 0,82,88,90,
38.5786, 7,92,90,90,86,76,84, 0,81,77,92,75,85,87,
38.5922,13,65,67,59,63,84,75,89,81,81,90,82,66, 0,
38.6065, 8,76,77,71,76,67,74,85, 0,54,58,58,75,81,
38.7025, 3,68,64, 0,70,63,90,91,72,75,81,82,69,58,
38.8588, 8,76,77,71,76,67,74,84, 0,54,58,58,75,81,
39.0134,11,73,73,82,71,72,77,75,59,57,81, 0,68,81,
39.0323, 9,78,73,75,81,75,84,78,55, 0,62,57,66,82,
39.0905, 6,80,61,88,66,64, 0,84,71,82,75,75,55,73,
39.1818, 2,68, 0,64,69,64,66,92,77,73,83,73,69,66,
39.2015, 5,84,65,63,66, 0,68,78,68,75,78,73,52,84,
39.2545, 4,72,69,70, 0,65,69,88,77,81,93,71,63,63,
39.3278, 6,80,62,88,66,64, 0,84,71,82,75,75,55,73,
39.4584, 3,68,64, 0,71,63,90,91,72,75,81,82,69,58,
39.4797, 1, 0,68,66,72,82,82,92,76,77,92,73,72,64,
39.4927, 4,71,69,70, 0,65,69,88,77,81,93,71,63,63,
39.5298,12,72,69,68,64,52,58,86,75,66,88,69, 0,66,
39.5320, 9,78,73,75,81,74,85,78,55, 0,62,57,66,82,
39.5478,10,93,85,82,94,79,78,94,61,64, 0,82,88,91,
39.5842, 6,80,62,88,66,64, 0,85,71,82,75,75,55,73,
39.6049,13,65,66,60,64,84,76,89,81,82,90,82,66, 0,
39.6073, 8,76,77,71,75,67,74,84, 0,54,58,59,74,81,
39.6862, 2,71, 0,64,69,65,66,91,77,73,83,73,68,65,
39.7055, 5,81,64,63,65, 0,67,77,68,75,78,73,52,84,
39.7403, 1, 0,75,66,71,82,82,91,75,77,92,73,72,65,
39.7613, 4,72,69,70, 0,64,69,88,77,81,93,71,63,62,
39.7707,12,72,68,68,64,52,58,85,75,66,88,69, 0,66,
39.7745, 9,77,73,75,81,75,85,78,55, 0,62,57,66,82,
39.7916,10,93,83,82,93,78,78,94,60,64, 0,81,88,91,
39.8275, 6,79,62,88,66,64, 0,85,71,81,75,75,55,73,
39.8486,13,65,66,60,64,85,75,89,81,83,89,81,66, 0,
39.9300, 2,75, 0,64,70,64,66,91,77,73,83,74,67,65,
39.9499, 5,85,65,63,65, 0,68,77,68,75,77,72,52,85,
39.9521, 3,67,65, 0,72,63,89,91,72,75,81,82,69,58,
39.9910, 1, 0,70,68,71,81,80,91,75,77,91,73,71,63,
40.0102, 4,72,69,71, 0,64,69,88,77,81,93,71,63,62,
40.0201,12,72,69,68,64,52,58,85,75,66,88,69, 0,66,
40.0224, 9,78,73,75,81,74,85,78,55, 0,62,57,65,83,
40.0582,10,93,85,82,93,79,78,94,60,64, 0,81,89,90,
40.0795, 6,80,63,88,66,64, 0,85,71,82,75,75,55,73,
40.0933,13,65,66,60,63,85,76,89,81,82,90,81,66, 0,
40.1075, 8,76,78,71,76,67,74,84, 0,54,58,59,75,81,
40.1865, 2,70, 0,65,69,64,66,91,79,73,85,74,69,66,
40.1886, 5,80,65,63,66, 0,68,77,68,75,78,72,52,84,
40.2038, 3,68,65, 0,71,63,91,91,72,75,81,82,68,58,
40.2406, 1, 0,70,67,72,81,82,91,76,77,91,73,71,64,
40.2610, 4,72,69,71, 0,65,69,88,77,81,93,71,63,63,
40.2737,12,72,69,68,64,52,58,85,75,66,88,69, 0,65,
40.2758, 9,78,73,75,81,74,85,78,54, 0,62,57,65,82,
40.2940,10,93,85,81,94,79,78,94,60,64, 0,81,89,91,
40.3311, 6,80,63,88,66,64, 0,85,71,81,75,75,55,73,
40.3523,13,66,66,60,63,85,76,89,82,83,90,81,66, 0,
40.3557, 8,76,78,71,76,67,74,84, 0,54,58,59,75,81,
40.4362, 2,70, 0,65,69,65,66,91,79,73,85,74,69,64,
40.4383, 5,82,65,62,66, 0,68,77,68,75,78,72,52,85,
40.4565, 3,68,65, 0,71,62,90,91,72,75,81,82,68,59,
40.4724, 1, 0,68,66,72,83,82,91,76,77,91,73,72,64,
40.5103, 4,72,68,71, 0,64,69,88,77,81,93,71,63,63,
40.5124,11,73,73,82,71,72,77,75,59,57,81, 0,68,81,
40.5213,12,72,69,69,64,52,58,85,75,66,88,68, 0,66,
40.5233, 9,78,73,75,81,74,85,78,54, 0,62,57,66,83,
40.5395,10,93,84,82,94,78,78,94,61,64, 0,82,89,91,
40.5788, 6,80,63,88,66,64, 0,85,71,82,75,75,55,73,
40.5988,13,66,65,60,64,84,76,89,82,82,90,81,66, 0,
40.6085, 8,76,79,71,76,67,74,84, 0,54,58,58,75,81,
40.6873, 2,68, 0,65,69,65,66,91,80,73,85,73,69,64,
40.6902, 5,84,65,63,65, 0,68,77,68,75,78,73,53,84,
40.7035, 3,67,64, 0,71,63,89,90,72,75,81,82,68,58,
40.7435, 1, 0,68,66,72,83,82,91,75,77,91,73,72,64,
40.7616, 4,72,68,71, 0,65,69,87,76,81,93,71,63,62,
40.7720,12,72,69,68,64,52,58,86,75,66,88,68, 0,66,
40.7743, 9,78,73,75,81,74,85,78,54, 0,61,57,66,82,
40.8095,10,93,85,81,94,79,78,94,60,64, 0,82,90,91,
40.8289, 6,80,62,87,66,64, 0,85,71,81,75,75,55,73,
40.8449,13,66,65,59,64,84,75,90,82,83,91,81,66, 0,
40.8580, 8,76,79,71,76,67,74,84, 0,54,58,58,75,81,
40.9192, 2,68, 0,64,69,64,66,91,80,73,84,73,69,64,
40.9400, 5,83,64,63,65, 0,68,77,67,75,78,73,52,84,
40.9540, 3,67,65, 0,72,62,89,91,72,75,81,82,69,58,
40.9930, 1, 0,66,67,72,82,82,93,76,77,91,73,72,64,
40.9950, 4,73,68,71, 0,65,69,87,76,81,94,71,63,62,
41.0131,11,74,73,82,70,72,77,75,59,57,81, 0,68,81,
41.0231,12,71,69,68,64,52,58,86,75,66,88,69, 0,66,
41.0401,10,92,85,82,94,79,78,94,61,63, 0,82,89,91,
41.0772, 7,91,89,91,86,76,84, 0,81,77,92,75,85,87,
41.0795, 6,81,63,87,66,64, 0,85,71,82,75,75,55,73,
41.0915,13,67,65,59,64,84,75,90,82,82,90,81,66, 0,
41.1076, 8,76,79,72,77,67,74,82, 0,54,58,59,75,81,
41.1831, 2,66, 0,65,69,64,66,91,79,73,85,73,69,63,
41.1911, 5,84,65,63,65, 0,68,77,68,75,78,72,52,84,
41.2045, 3,68,66, 0,71,63,89,91,72,75,81,83,68,58,
41.2429, 1, 0,68,67,72,84,83,92,76,77,90,73,70,65,
41.2451, 4,75,68,70, 0,65,69,88,76,81,94,71,64,63,
41.2819,12,71,68,68,64,52,58,86,75,66,88,69, 0,66,
41.2840, 9,78,73,75,81,75,84,78,55, 0,62,57,66,82,
41.3021,10,91,85,82,94,79,78,94,61,63, 0,82,90,91,
41.3432,13,66,64,60,63,84,75,89,82,82,90,82,66, 0,
41.3632, 8,76,79,71,76,67,74,82, 0,54,58,59,75,81,
41.4213, 2,68, 0,66,68,65,66,91,78,73,85,73,68,64,
41.4453, 5,85,64,63,66, 0,68,78,68,75,78,72,52,83,
41.4524, 3,67,66, 0,71,63,89,91,72,75,81,81,68,59,
41.4914, 1, 0,67,67,74,84,83,91,76,78,90,72,70,66,
41.5288,12,70,68,68,64,52,58,85,75,66,89,69, 0,65,
41.5490,10,92,84,82,94,79,78,94,61,63, 0,82,88,91,
41.6080,13,67,65,60,63,84,75,89,82,82,90,82,66, 0,
41.6101, 8,75,78,71,76,67,74,83, 0,54,58,59,75,81,
41.7202, 3,68,66, 0,71,63,89,91,72,75,81,82,68,58,
41.7716,11,74,73,81,71,72,77,75,59,57,80, 0,68,82,
41.8238, 7,91,88,90,86,76,84, 0,81,77,92,75,85,88,
41.8735, 8,75,78,71,76,67,74,83, 0,54,58,58,75,81,
42.0262, 9,78,72,75,81,74,84,78,54, 0,62,57,66,82,
42.0800, 7,91,88,90,86,76,84, 0,81,77,92,75,85,88,
42.0811, 6,80,63,87,66,64, 0,84,71,81,75,75,55,72,
42.1807, 2,68, 0,66,68,64,66,91,79,72,83,74,68,64,
42.2017, 5,84,65,63,66, 0,67,78,68,75,78,73,52,84,
42.2597, 4,73,68,72, 0,65,69,88,77,81,94,71,64,62,
42.3398, 6,80,62,87,66,64, 0,85,71,81,75,75,55,72,
42.4543, 3,68,66, 0,71,63,88,91,72,75,81,81,68,58,
42.4732, 1, 0,68,67,73,82,83,91,75,77,91,73,69,66,
42.4923, 4,74,68,71, 0,65,69,87,77,81,94,71,64,62,
42.5273,12,70,68,68,64,52,58,86,75,66,89,69, 0,66,
42.5293, 9,78,72,75,81,75,83,78,54, 0,62,57,66,82,
42.5494,10,92,85,82,94,79,78,94,61,64, 0,82,88,91,
42.5875, 6,82,62,87,66,64, 0,84,71,81,75,75,55,72,
42.6099,13,67,65,60,63,84,76,89,82,82,90,82,66, 0,
42.6122, 8,75,78,71,77,67,74,85, 0,54,58,58,75,81,
42.6687, 2,68, 0,65,68,64,66,91,78,72,83,74,69,64,
42.6878, 5,83,64,63,65, 0,68,78,68,75,78,73,53,84,
42.7233, 1, 0,67,67,73,82,83,91,75,77,90,72,69,65,
42.7440, 4,74,68,71, 0,64,69,87,77,81,94,71,63,62,
42.7811,12,70,68,68,64,52,58,86,75,66,89,69, 0,66,
42.7832, 9,78,73,75,81,74,84,78,54, 0,62,57,66,82,
42.8012,10,92,84,82,94,79,78,94,61,63, 0,82,89,91,
42.8422, 6,82,63,87,66,64, 0,84,71,81,75,75,55,72,
42.8443,13,67,65,60,63,84,75,89,82,83,90,82,66, 0,
42.9383, 2,68, 0,65,69,64,66,91,78,72,84,74,68,64,
42.9442, 5,83,65,63,66, 0,68,78,68,75,78,73,52,84,
42.9536, 3,68,65, 0,72,63,89,91,72,75,81,81,69,58,
42.9915, 1, 0,68,67,73,82,83,91,75,77,90,73,69,66,
42.9937, 4,74,68,71, 0,65,69,87,77,81,94,71,63,62,
43.0294,12,70,69,68,64,52,59,86,75,66,88,69, 0,66,
43.0314, 9,77,72,75,81,74,85,78,54, 0,62,57,66,83,
43.0508,10,92,84,82,94,79,78,94,61,63, 0,82,89,91,
43.0897, 6,82,63,87,66,64, 0,84,71,82,75,75,55,72,
43.1087,13,67,65,60,63,84,76,89,82,82,90,82,66, 0,
43.1108, 8,74,78,71,77,67,74,85, 0,54,58,58,75,82,
43.1681, 2,69, 0,65,69,64,66,91,78,72,83,74,69,64,
43.1911, 5,84,64,63,65, 0,67,78,68,75,78,73,52,84,
43.2053, 3,68,66, 0,71,63,89,91,72,75,81,81,68,58,
43.2431, 1, 0,67,66,73,84,82,91,75,77,91,73,69,66,
43.2645, 4,73,68,71, 0,65,69,87,77,81,94,71,64,62,
43.2741,12,70,69,68,64,52,58,86,75,66,89,69, 0,65,
43.2760, 9,78,73,75,81,75,85,78,54, 0,62,57,66,83,
43.2905,10,92,85,82,93,79,78,94,61,64, 0,82,89,91,
43.3476, 6,82,62,87,66,64, 0,84,71,81,75,75,55,73,
43.3498,13,66,65,59,63,84,76,89,82,82,90,82,66, 0,
43.3566, 8,75,78,71,77,66,74,85, 0,54,58,58,75,82,
43.4187, 2,68, 0,65,68,64,66,91,78,73,85,74,68,64,
43.4431, 5,85,65,63,65, 0,68,78,68,75,78,73,52,85,
43.4550, 3,67,65, 0,71,63,91,91,72,75,81,81,68,58,
43.4741, 1, 0,67,67,74,85,82,91,75,77,90,73,70,64,
43.4928, 4,74,68,71, 0,65,69,87,76,81,93,71,64,62,
43.5301,12,71,68,68,64,52,58,86,75,66,88,69, 0,66,
43.5322, 9,78,73,75,81,74,85,78,54, 0,61,57,66,83,
43.5550,10,91,85,82,93,79,78,94,61,63, 0,82,89,91,
43.5945, 6,81,63,87,66,64, 0,85,71,81,75,75,55,73,
43.5965,13,66,65,60,64,85,75,89,82,82,90,81,67, 0,
43.6166, 8,75,78,71,76,67,74,84, 0,54,58,58,75,81,
43.6738, 2,68, 0,64,68,64,66,91,79,73,85,73,68,64,
43.6935, 5,86,65,63,65, 0,68,78,68,75,78,73,52,84,
43.7048, 3,68,64, 0,71,63,88,91,72,75,81,83,68,58,
43.7416, 1, 0,67,67,73,84,82,92,75,77,91,72,70,64,
43.7441, 4,74,68,72, 0,65,69,87,76,81,93,71,63,63,
43.7851,12,70,69,69,64,52,58,86,75,66,88,69, 0,66,
43.7875, 9,77,72,75,81,73,84,78,54, 0,62,57,65,83,
43.8052,10,93,84,82,93,79,78,94,60,63, 0,82,89,88,
43.8399, 6,81,62,85,66,64, 0,84,71,82,75,75,55,72,
43.8601,13,67,65,58,64,85,75,87,81,85,90,81,67, 0,
43.8625, 8,76,79,71,76,66,74,83, 0,54,58,58,74,80,
43.9193, 2,67, 0,65,68,65,65,91,78,73,84,73,69,64,
43.9402, 5,84,66,63,65, 0,68,77,68,75,78,73,52,83,
43.9545, 3,68,66, 0,72,63,86,91,72,75,81,83,69,58,
43.9913, 1, 0,66,68,73,84,84,92,76,76,91,72,70,66,
44.0126, 4,73,67,71, 0,65,69,86,76,80,93,71,64,63,
44.0148,11,73,73,81,71,72,77,75,59,57,81, 0,67,81,
44.0223,12,70,68,69,64,53,58,86,75,66,88,69, 0,66,
44.0243, 9,77,72,75,81,74,84,78,54, 0,62,57,66,84,
44.0427,10,93,85,82,93,79,78,94,61,63, 0,82,89,90,
44.0810, 6,82,62,85,66,64, 0,85,72,81,75,75,55,72,
44.1035,13,67,65,59,64,82,75,90,81,85,89,82,66, 0,
44.1059, 8,76,78,71,76,67,74,85, 0,54,58,58,75,80,
44.1821, 2,68, 0,66,68,66,66,91,79,73,85,73,68,65,
44.2029, 5,84,66,63,65, 0,67,78,68,75,78,73,52,84,
44.2051, 3,69,66, 0,72,63,86,91,71,75,81,82,69,58,
44.2414, 1, 0,67,68,73,81,83,91,75,77,91,73,69,66,
44.2612, 4,74,67,71, 0,65,69,87,76,81,92,71,64,63,
44.2632,11,73,73,81,71,72,77,75,58,57,81, 0,68,82,
44.2725,12,70,69,69,64,52,59,86,75,66,88,69, 0,66,
44.2749, 9,77,72,75,81,74,84,78,54, 0,62,57,65,85,
44.2905,10,91,85,82,94,79,78,94,61,64, 0,82,89,90,
44.3296, 7,91,89,91,86,76,84, 0,81,77,92,75,85,88,
44.3484,13,67,66,59,64,84,75,89,81,83,89,82,66, 0,
44.3584, 8,75,79,71,76,67,74,83, 0,54,58,59,75,80,
44.4179, 2,68, 0,66,68,65,66,91,79,72,84,73,69,65,
44.4396, 5,83,65,63,65, 0,67,77,67,75,78,72,52,84,
44.4526, 3,68,68, 0,71,63,86,91,71,76,81,82,68,59,
44.4929, 1, 0,68,67,73,82,83,91,75,77,90,73,69,65,
44.5190,12,69,69,68,64,53,59,86,75,65,88,69, 0,65,
44.5580,10,91,85,82,94,79,78,94,61,64, 0,82,89,90,
44.5953,13,67,66,60,64,84,75,89,81,83,89,82,66, 0,
44.6174, 8,76,79,71,76,67,74,83, 0,54,58,59,75,80,
44.7167, 3,69,68, 0,71,63,86,91,72,76,81,83,68,59,
44.8748, 8,76,79,71,76,67,74,85, 0,54,58,59,75,80,
45.0262, 9,78,72,75,81,74,84,78,54, 0,62,57,64,82,
45.0783, 7,91,89,90,86,76,84, 0,81,77,92,75,84,87,
45.0803, 6,82,62,85,66,64, 0,84,71,81,75,75,55,72,
45.1789, 2,69, 0,68,68,65,66,91,79,72,83,74,69,65,
45.1990, 5,82,64,63,65, 0,68,78,68,75,78,72,52,84,
45.2550, 4,75,68,71, 0,65,69,88,77,81,93,71,64,63,
45.3282, 7,91,88,90,86,76,84, 0,81,77,92,75,84,87,
45.3303, 6,82,62,85,66,64, 0,85,71,81,75,75,55,72,
45.4626, 3,69,66, 0,71,62,87,91,72,76,81,83,68,59,
45.4847, 1, 0,68,67,74,85,82,91,75,77,90,73,69,66,
45.4938, 4,75,68,71, 0,65,69,88,77,81,93,71,64,63,
45.5288,12,70,69,68,64,53,58,86,75,66,88,69, 0,64,
45.5309, 9,78,72,75,81,75,84,78,54, 0,62,57,64,82,
45.5489,10,92,82,82,94,79,78,94,61,64, 0,81,89,90,
45.5608, 7,91,88,90,86,76,84, 0,81,77,93,75,85,87,
45.5980, 6,81,62,84,66,64, 0,84,71,80,75,75,55,72,
45.6001,13,66,67,59,63,86,75,89,81,81,89,81,67, 0,
45.6060, 8,75,78,71,77,67,74,83, 0,54,58,59,75,80,
45.6839, 2,69, 0,65,68,64,66,90,78,72,81,74,69,66,
45.7034, 5,87,64,63,65, 0,67,77,67,75,78,73,52,84,
45.7403, 1, 0,68,67,74,85,82,91,75,76,90,73,69,64,
45.7622, 4,74,68,71, 0,65,69,87,77,81,93,71,64,61,
45.7701,12,70,69,68,64,53,58,85,75,66,88,69, 0,66,
45.7752, 9,78,72,75,81,75,84,77,54, 0,62,57,66,81,
45.7913,10,92,82,82,94,79,78,94,61,64, 0,82,89,90,
45.8286, 6,80,63,84,66,64, 0,84,71,81,75,75,55,72,
45.8498,13,66,67,59,63,86,75,89,81,81,90,81,67, 0,
45.9288, 2,68, 0,65,68,64,66,90,78,72,82,74,69,66,
45.9500, 5,87,64,63,65, 0,67,77,67,75,78,73,52,84,
45.9549, 3,68,64, 0,72,63,86,91,71,75,81,82,68,58,
45.9919, 1, 0,68,67,73,85,82,91,75,77,90,73,70,64,
45.9939, 4,73,68,71, 0,65,69,87,77,81,93,71,64,62,
46.0261,12,70,69,68,64,52,58,85,75,66,86,69, 0,66,
46.0282, 9,78,72,75,81,74,85,77,54, 0,62,57,66,81,
46.0469,10,92,82,82,94,79,78,94,61,64, 0,82,89,90,
46.0861, 6,80,62,84,66,64, 0,84,71,82,75,75,55,72,
46.1051,13,66,67,60,63,86,75,89,81,81,90,81,67, 0,
46.1078, 8,75,77,70,77,67,74,83, 0,54,58,58,74,81,
46.1876, 2,68, 0,65,69,64,66,90,78,72,82,74,69,66,
46.1907, 5,87,64,63,65, 0,67,77,68,75,78,73,52,84,
46.2013, 3,68,65, 0,72,63,87,91,71,75,81,82,67,58,
46.2397, 1, 0,68,67,73,85,82,91,75,77,90,73,70,65,
46.2726,12,70,69,68,64,52,58,85,75,66,88,69, 0,66,
46.2789, 9,78,72,75,81,75,85,77,54, 0,61,57,66,81,
46.2926,10,92,85,82,94,79,78,94,60,64, 0,82,89,91,
46.3276, 6,80,63,85,66,64, 0,84,71,81,75,75,55,72,
46.3501,13,66,67,58,63,86,75,89,82,82,90,81,66, 0,
46.3579, 8,75,78,71,77,67,74,83, 0,54,58,58,76,81,
46.4360, 2,69, 0,64,69,64,66,90,78,72,82,74,69,66,
46.4399, 5,86,65,63,65, 0,68,77,67,75,78,73,52,84,
46.4522, 3,68,64, 0,72,63,86,91,71,75,81,82,68,58,
46.4910, 1, 0,68,67,73,84,82,91,75,77,91,73,69,66,
46.5122, 4,73,69,71, 0,65,69,87,77,81,93,71,64,61,
46.5182,12,70,69,68,64,52,58,85,75,66,88,69, 0,66,
46.5445, 9,78,72,75,82,75,84,77,54, 0,62,57,66,81,
46.5461,10,92,84,81,94,79,79,94,60,63, 0,82,89,91,
46.5822, 6,82,62,85,66,64, 0,85,71,81,75,75,55,72,
46.6076,13,67,67,60,63,86,76,89,81,82,90,82,66, 0,
46.6096, 8,75,78,71,77,67,74,84, 0,54,58,59,75,81,
46.6671, 2,69, 0,64,69,65,65,90,78,72,83,74,69,66,
46.6900, 5,85,65,63,66, 0,68,77,67,75,78,73,52,84,
46.7032, 3,68,64, 0,72,63,86,91,71,75,81,82,68,58,
46.7402, 1, 0,68,68,73,81,82,91,75,77,90,73,69,66,
46.7600, 4,74,68,71, 0,65,69,87,77,81,93,71,64,61,
46.7734,12,70,69,68,64,52,58,86,75,66,88,69, 0,66,
46.7757, 9,77,72,75,81,75,84,78,54, 0,62,57,66,83,
46.7923,10,91,83,81,94,79,78,94,60,64, 0,82,89,92,
46.8282, 6,82,61,85,66,64, 0,84,71,82,75,75,55,73,
46.8507,13,67,66,60,63,85,76,88,82,82,90,82,66, 0,
46.8565, 8,75,77,71,77,67,74,83, 0,54,58,59,75,81,
46.9367, 2,68, 0,65,68,65,66,90,78,72,83,74,69,65,
46.9546, 5,82,66,63,65, 0,68,78,68,75,78,73,52,85,
46.9568, 3,68,66, 0,72,62,87,91,71,75,80,82,67,58,
46.9929, 1, 0,69,67,74,81,84,91,75,76,89,73,69,66,
46.9950, 4,74,68,72, 0,64,69,87,77,81,93,71,64,61,
47.0312,12,69,68,69,64,52,58,86,75,66,88,69, 0,66,
47.0333, 9,77,72,75,81,75,84,78,54, 0,62,57,66,82,
47.0512,10,91,83,81,94,79,78,94,60,63, 0,82,88,91,
47.0611, 7,91,88,90,86,76,84, 0,81,77,92,75,85,87,
47.0779, 6,82,62,85,66,64, 0,84,71,82,75,75,55,73,
47.0942,13,67,66,60,63,85,76,88,81,82,90,82,66, 0,
47.1064, 8,75,77,71,77,67,74,84, 0,54,58,58,75,81,
47.1878, 2,69, 0,65,68,64,66,90,77,72,82,74,69,65,
47.1900, 5,81,65,63,65, 0,67,77,68,75,78,73,52,84,
47.2035, 3,68,66, 0,72,63,87,91,72,76,81,82,67,58,
47.2426, 1, 0,68,68,73,81,83,91,75,76,90,73,69,65,
47.2624, 4,74,68,71, 0,65,69,87,77,81,93,71,64,61,
47.2730,12,69,69,68,64,52,58,86,75,66,88,69, 0,66,
47.2751, 9,77,72,75,81,75,84,78,54, 0,62,57,66,81,
47.2909,10,91,83,82,93,79,78,94,61,64, 0,82,89,89,
47.3268, 7,90,88,90,86,76,84, 0,82,77,92,75,85,87,
47.3461,13,66,67,58,63,84,76,89,82,82,90,82,66, 0,
47.3603, 8,75,76,71,78,67,74,83, 0,54,58,58,75,80,
47.4175, 2,70, 0,65,68,64,66,91,77,72,82,74,69,66,
47.4396, 5,81,65,63,65, 0,67,78,68,75,78,73,53,84,
47.4559, 3,68,64, 0,72,62,87,91,72,75,81,82,68,58,
47.4915, 1, 0,70,66,74,80,83,91,75,76,90,74,69,64,
47.5236,12,70,69,68,64,52,58,86,75,66,88,69, 0,66,
47.5427,10,91,83,81,93,78,78,94,61,64, 0,82,89,91,
47.5810, 7,90,88,90,86,76,84, 0,81,77,92,75,85,87,
47.5941,13,66,66,58,63,84,76,88,81,82,91,81,67, 0,
47.6112, 8,75,76,71,78,67,74,83, 0,54,58,58,75,81,
47.7104, 3,67,64, 0,72,62,87,91,72,75,81,82,69,58,
47.8256, 7,90,88,90,86,76,84, 0,81,77,92,75,85,87,
47.8599, 8,75,76,71,78,67,74,83, 0,54,58,58,75,81,
48.0352, 9,76,72,75,81,75,84,77,54, 0,62,57,66,82,
48.0884, 6,81,63,86,66,64, 0,84,71,81,75,75,55,72,
48.1796, 2,70, 0,64,68,64,66,91,77,72,82,74,69,66,
48.1998, 5,81,64,63,65, 0,68,77,68,75,78,72,52,84,
48.3148, 7,90,89,90,86,76,84, 0,81,77,92,75,85,87,
48.4704, 3,67,64, 0,72,63,87,91,72,75,81,82,69,58,
48.6088,13,67,66,60,63,84,75,88,81,82,91,81,66, 0,
48.6110, 8,75,76,71,77,67,73,83, 0,54,58,59,75,79,
48.6807, 2,69, 0,64,69,64,65,90,75,72,82,74,69,66,
48.7562, 4,75,69,72, 0,64,69,88,76,80,93,71,64,62,
48.7772,12,71,69,68,64,52,58,86,75,66,87,69, 0,66,
48.7792, 9,77,72,75,81,75,84,78,55, 0,62,57,66,82,
48.7935,10,91,83,82,93,79,78,94,60,64, 0,81,89,91,
48.8283, 6,82,62,85,66,64, 0,84,71,82,75,75,55,72,
48.8484,13,67,67,60,63,84,75,88,79,83,89,82,66, 0,
48.9288, 2,69, 0,64,69,65,65,90,75,72,82,74,69,66,
48.9487, 5,80,64,63,66, 0,68,77,68,75,78,73,52,84,
48.9528, 3,67,63, 0,72,63,87,91,71,75,81,82,69,58,
48.9928, 1, 0,69,66,74,81,83,91,75,76,90,74,71,65,
48.9948, 4,74,69,71, 0,65,69,88,76,81,93,71,64,62,
49.0311,12,72,69,68,64,52,58,86,75,66,88,69, 0,66,
49.0333, 9,77,72,75,81,75,84,78,55, 0,61,57,66,83,
49.0512,10,92,84,82,93,79,78,94,60,63, 0,81,89,91,
49.0911, 6,82,62,85,66,64, 0,84,71,82,75,75,55,72,
49.1070,13,66,67,59,63,84,75,88,79,83,89,82,66, 0,
49.1091, 8,76,76,71,76,67,74,83, 0,54,58,58,75,79,
49.1864, 2,69, 0,63,70,64,64,90,76,72,83,74,68,66,
49.1913, 5,81,65,63,66, 0,68,77,68,75,78,73,52,85,
49.2025, 3,67,63, 0,72,63,87,91,71,75,81,82,68,58,
49.2397, 1, 0,69,66,73,81,84,91,76,76,90,74,72,64,
49.2607, 4,73,70,71, 0,64,69,88,76,81,92,71,64,62,
49.2742,12,72,68,68,64,52,58,86,75,66,88,69, 0,66,
49.2763, 9,77,72,75,81,75,85,78,54, 0,62,57,66,84,
49.2897,10,91,85,82,93,79,78,94,61,64, 0,81,88,91,
49.3461, 6,82,62,86,66,64, 0,84,71,81,75,75,55,72,
49.3486,13,65,66,60,63,85,75,88,80,83,89,82,67, 0,
49.3612, 8,76,76,71,76,67,74,83, 0,54,58,58,75,80,
49.4203, 2,69, 0,63,70,65,65,90,76,72,83,74,68,66,
49.4462, 5,83,64,63,65, 0,68,77,68,75,78,73,52,85,
49.4560, 3,67,63, 0,71,63,88,91,72,75,81,82,68,58,
49.4742, 1, 0,68,67,73,82,85,91,76,76,90,74,72,63,
49.4945, 4,73,69,71, 0,65,69,88,76,81,92,71,63,62,
49.5052,11,73,74,83,71,72,77,75,58,57,81, 0,69,81,
49.5214,12,72,68,68,64,52,58,86,75,66,88,69, 0,66,
49.5235, 9,76,72,76,81,75,85,78,54, 0,62,57,65,82,
49.5416,10,91,85,81,92,79,78,94,61,64, 0,82,88,91,
49.5776, 6,83,62,87,66,64, 0,84,71,82,75,75,55,72,
49.5987,13,66,67,60,63,84,75,88,80,83,90,81,66, 0,
49.6075, 8,76,76,71,76,67,74,83, 0,54,58,58,75,80,
49.6859, 2,69, 0,63,70,64,64,90,77,72,84,74,68,66,
49.7068, 5,83,64,63,65, 0,68,77,68,75,78,73,52,85,
49.7088, 3,67,63, 0,72,63,88,91,72,75,81,83,68,58,
49.7242, 1, 0,69,67,73,82,85,91,76,76,90,74,72,64,
49.7632, 4,73,69,71, 0,65,69,88,76,81,92,72,64,62,
49.7707,12,72,68,68,64,52,58,86,75,66,88,69, 0,66,
49.7759, 9,77,72,75,81,75,84,78,54, 0,62,57,66,82,
49.7920,10,91,84,82,93,79,78,94,61,63, 0,82,89,90,
49.8273, 7,91,89,91,86,76,85, 0,82,77,92,75,85,87,
49.8484, 6,84,62,87,66,64, 0,84,71,82,75,75,55,72,
49.8504,13,66,67,60,64,85,75,89,80,83,89,81,67, 0,
49.8584, 8,76,76,71,76,67,74,83, 0,54,58,58,75,79,
49.9205, 2,69, 0,63,70,64,65,91,77,72,84,74,68,66,
49.9426, 5,83,64,63,65, 0,68,77,68,75,78,73,52,85,
49.9537, 3,67,63, 0,71,62,88,91,71,75,81,83,68,58,
49.9922, 1, 0,69,66,73,82,85,91,76,76,90,74,72,64,
50.0118, 4,74,69,71, 0,64,69,87,76,81,92,72,64,62,
50.0219,12,72,68,68,64,52,58,86,75,66,88,69, 0,66,
50.0248, 9,76,72,75,81,75,84,78,54, 0,62,57,66,83,
50.0419,10,92,84,81,93,79,78,94,61,64, 0,82,89,90,
50.0928, 6,82,61,85,66,64, 0,84,71,81,75,75,55,72,
50.0949,13,66,67,59,64,85,75,89,80,83,89,81,66, 0,
50.1149, 8,76,76,71,76,67,74,83, 0,54,58,58,75,79,
50.1740, 2,69, 0,63,70,64,65,91,77,72,85,74,68,66,
50.1944, 5,82,64,63,66, 0,68,78,68,75,78,73,52,85,
50.2063, 3,67,63, 0,71,63,87,91,71,75,81,82,68,58,
50.2434, 1, 0,69,66,74,81,84,91,75,76,91,73,72,64,
50.2455, 4,75,70,71, 0,65,69,88,76,81,92,71,64,63,
50.2562,11,74,74,82,71,72,77,75,59,57,81, 0,68,81,
50.2702,12,72,68,68,64,52,58,86,75,66,88,69, 0,66,
50.2776, 9,77,72,75,81,75,84,78,55, 0,62,57,66,83,
50.2917,10,92,83,82,93,78,78,94,61,64, 0,82,89,90,
50.3287, 7,91,89,91,86,76,84, 0,81,77,92,75,85,87,
50.3446,13,66,67,59,63,85,75,89,80,83,89,81,66, 0,
50.3575, 8,76,76,71,76,67,74,84, 0,54,58,58,75,79,
50.4381, 2,70, 0,63,70,64,65,91,76,72,82,74,69,66,
50.4403, 5,81,64,63,65, 0,68,78,68,75,78,72,52,85,
50.4560, 3,67,63, 0,71,63,87,91,71,75,81,82,69,58,
50.4744, 1, 0,69,66,74,81,84,91,75,76,91,74,71,65,
50.5115,11,74,74,82,71,72,77,75,58,57,80, 0,68,81,
50.5316,12,71,68,68,64,52,58,86,75,66,88,69, 0,66,
50.5404,10,92,84,83,93,79,78,94,61,64, 0,81,89,90,
50.5797, 7,91,88,91,86,76,84, 0,81,77,92,75,85,87,
50.5917,13,66,67,60,63,84,75,88,79,83,89,81,66, 0,
50.6278, 8,76,76,71,76,67,74,83, 0,54,58,58,75,79,
50.7100, 3,67,63, 0,71,63,87,91,71,75,81,82,69,58,
50.8250, 7,91,88,91,86,76,84, 0,81,77,92,75,85,87,
50.8772, 8,76,76,71,76,67,74,83, 0,54,58,59,75,79,
51.0376, 9,77,72,75,81,75,84,78,55, 0,62,57,66,83,
51.0616, 7,91,88,91,86,76,84, 0,81,77,92,75,85,87,
51.0779, 6,81,62,85,66,64, 0,85,71,82,75,74,55,72,
51.1770, 2,69, 0,64,70,64,66,90,77,72,82,74,69,66,
51.1970, 5,81,64,63,65, 0,68,78,68,75,78,73,52,85,
51.2578, 4,75,69,71, 0,64,69,88,77,81,92,71,64,62,
51.2588,11,74,73,82,71,72,77,76,58,57,80, 0,67,81,
51.3303, 7,91,89,91,86,76,84, 0,81,77,92,75,85,87,
51.3324, 6,81,62,85,66,64, 0,84,71,82,75,75,55,72,
51.4714, 3,67,64, 0,72,63,86,91,71,75,81,82,69,58,
51.4911, 1, 0,68,66,74,81,82,91,75,77,91,73,71,65,
51.4934, 4,74,69,71, 0,64,69,88,77,81,92,71,64,62,
51.5113,11,74,73,83,71,72,77,75,58,57,80, 0,67,81,
51.5239,12,70,69,68,64,53,58,86,75,66,88,69, 0,66,
51.5282, 9,76,72,75,81,75,84,78,55, 0,62,57,66,83,
51.5423,10,92,82,82,93,79,78,94,60,64, 0,81,89,90,
51.5623, 7,91,89,91,86,76,84, 0,81,77,92,75,85,87,
51.5762, 6,81,62,83,66,64, 0,85,71,82,75,75,55,72,
51.5943,13,67,67,60,63,85,74,89,80,82,90,81,67, 0,
51.6092, 8,75,75,71,77,67,74,84, 0,54,58,58,75,79,
51.6696, 2,67, 0,65,69,64,65,91,78,72,82,74,68,65,
51.6923, 5,82,64,63,65, 0,68,77,68,75,78,72,52,84,
51.7314, 1, 0,66,66,74,81,82,91,75,77,91,73,70,66,
51.7503, 4,74,69,71, 0,65,69,88,77,81,92,71,64,63,
51.7607,11,73,73,83,71,72,77,75,58,57,81, 0,68,80,
51.7715,12,71,68,68,64,52,58,86,75,66,88,69, 0,66,
51.7738, 9,77,72,75,81,75,84,78,54, 0,61,57,65,82,
51.7909,10,93,83,82,93,79,78,94,61,64, 0,81,89,91,
51.8280, 7,91,89,91,86,76,84, 0,82,77,92,75,85,87,
51.8300, 6,81,62,83,66,64, 0,85,72,81,75,75,55,71,
51.8490,13,67,66,60,64,84,75,89,80,82,90,81,67, 0,
51.9292, 2,66, 0,65,69,64,66,91,78,72,82,73,68,65,
51.9515, 5,81,64,63,65, 0,67,78,68,75,78,72,53,84,
51.9535, 3,67,66, 0,72,63,86,92,71,75,81,82,68,58,
51.9912, 1, 0,67,66,74,81,82,91,75,77,91,73,71,65,
51.9933, 4,74,69,71, 0,65,69,88,77,81,92,71,64,62,
52.0282,12,71,69,68,64,52,58,86,75,66,88,69, 0,66,
52.0303, 9,77,72,75,81,75,84,78,54, 0,62,57,66,82,
52.0513,10,93,83,82,94,79,78,94,61,64, 0,81,89,91,
52.0903, 6,81,62,83,66,64, 0,85,72,82,75,75,55,71,
52.1073,13,66,66,59,63,84,75,89,80,82,90,81,66, 0,
52.1091, 8,75,77,70,77,67,74,83, 0,54,58,59,75,79,
52.1667, 2,67, 0,66,69,64,65,91,78,72,82,73,68,64,
52.1939, 5,82,64,63,65, 0,67,78,67,75,78,72,52,85,
52.2046, 3,67,67, 0,72,63,87,92,71,76,81,82,68,58,
52.2428, 1, 0,66,66,74,81,83,91,75,76,92,73,70,65,
52.2451, 4,75,68,71, 0,65,69,88,77,81,92,71,63,62,
52.2842,12,71,69,68,64,52,58,86,75,66,88,69, 0,66,
52.2862, 9,77,72,75,81,75,84,78,54, 0,62,57,66,82,
52.3050,10,94,83,81,94,79,78,94,61,64, 0,81,89,91,
52.3410, 6,81,63,85,66,64, 0,85,72,82,75,75,55,72,
52.3615,13,66,64,59,63,85,75,89,80,83,90,81,66, 0,
52.3637, 8,76,76,70,76,67,74,83, 0,54,58,59,75,79,
52.4223, 2,66, 0,67,68,64,65,91,78,72,84,73,68,64,
52.4415, 5,82,64,63,66, 0,68,78,67,75,78,72,52,84,
52.4537, 3,67,66, 0,71,63,88,92,71,75,81,82,68,58,
52.4937, 1, 0,65,66,74,81,83,91,75,76,92,73,70,66,
52.4958, 4,75,68,70, 0,65,69,88,77,81,92,71,64,63,
52.5116,11,73,73,82,71,72,78,75,59,57,81, 0,68,81,
52.5233,12,70,69,69,64,52,58,86,75,66,88,69, 0,66,
52.5254, 9,77,72,75,81,75,85,78,54, 0,62,57,66,83,
52.5418,10,93,85,82,94,79,78,94,61,64, 0,81,88,91,
52.5800, 6,81,63,87,66,64, 0,85,72,82,75,75,55,72,
52.6000,13,67,65,60,64,84,75,89,80,83,90,82,66, 0,
52.6097, 8,76,77,71,76,67,74,83, 0,54,58,58,75,79,
52.6864, 2,65, 0,66,68,64,65,91,78,72,84,73,69,64,
52.6898, 5,81,64,63,65, 0,68,78,67,75,78,73,52,84,
52.7027, 3,68,66, 0,71,62,88,92,71,75,81,82,68,58,
